会場,レース,艇番,登番,選手名,年齢,支部,体重,級別,全国勝率,全国2率,当地勝率,当地2率,モーター番号,モーター2率,ボート番号,ボート2率,今節成績ほか
大村,1,1,4174,赤坂俊輔,43,長崎,51,A1,6.38,44.44,6.41,43.72,17,39.34,51,35.82,2 3         10
大村,1,2,5016,宮田龍馬,28,兵庫,53,A1,6.92,45.26,7.23,57.69,12,28.57,24,37.70,6 3          6
大村,1,3,5058,前原大道,29,岡山,52,A1,6.58,48.80,7.31,46.15,76,31.67,71,32.39,412          9
大村,1,4,4543,重木輝彦,38,兵庫,53,A1,6.64,48.11,5.23,30.77,22,30.30,66,39.34,6 1          8
大村,1,5,4483,北野輝季,37,愛知,53,A1,6.83,53.78,0.00,0.00,70,41.94,57,38.10,542
大村,1,6,4688,永井彪也,33,東京,52,A1,6.99,56.41,5.48,37.04,54,41.27,62,42.65,1443
大村,2,1,4096,石橋道友,44,長崎,52,A1,6.56,50.98,7.31,59.78,19,34.72,55,44.44,2 4          9
大村,2,2,5224,西岡顕心,25,香川,52,A1,7.38,51.38,7.04,60.00,14,33.33,82,31.88,5 1         10
大村,2,3,4262,馬場貴也,42,滋賀,54,A1,7.81,52.00,7.10,41.94,37,41.27,38,32.35,S 2          8
大村,2,4,4907,小池修平,31,大阪,52,A1,7.35,58.72,6.45,37.93,13,34.92,70,35.59,2 2         11
大村,2,5,5051,松本純平,31,埼玉,56,A1,6.45,45.28,6.25,50.00,23,37.14,81,40.32,5 15
大村,2,6,3719,辻栄蔵,51,広島,53,A1,6.70,44.76,7.31,37.50,20,49.23,64,39.68,6 1         12
大村,3,1,4704,河野大,38,徳島,52,A1,6.42,46.92,6.08,35.00,65,44.44,72,33.93,354
大村,3,2,3590,濱野谷憲,52,東京,55,A1,7.13,49.57,7.48,55.56,58,37.70,46,36.67,615
大村,3,3,3952,中澤和志,50,埼玉,52,A1,6.67,48.33,6.54,41.03,43,34.29,43,39.34,5 14        12
大村,3,4,4908,上田龍星,31,大阪,52,A1,6.80,44.92,8.54,75.00,33,32.20,40,32.14,5 51         9
大村,3,5,4398,船岡洋一,39,広島,51,A1,6.68,50.00,7.44,50.00,68,31.67,32,42.86,256
大村,3,6,4371,西山貴浩,39,福岡,53,A1,7.08,45.92,7.31,46.88,29,40.00,76,39.06,2 1          8
大村,4,1,4544,松田大志,38,福岡,52,A1,7.61,60.19,7.96,59.26,74,34.33,68,31.58,424
大村,4,2,4084,杉山正樹,46,愛知,54,A1,6.46,43.55,7.20,57.14,41,54.55,75,31.43,3 36        10
大村,4,3,3983,須藤博倫,48,埼玉,52,A1,6.78,49.14,7.11,57.89,75,29.51,15,32.31,415         11
大村,4,4,3779,原田幸哉,50,長崎,52,A1,6.66,40.21,7.35,52.48,77,28.79,49,41.94,3 65
大村,4,5,4335,若林将,42,東京,53,A1,6.83,51.46,7.32,57.89,47,38.98,34,34.78,4 53
大村,4,6,4188,久田敏之,45,群馬,52,A1,7.88,65.18,6.45,36.36,81,38.03,31,36.62,314          9
大村,5,1,3909,佐々木康,53,静岡,55,A1,6.88,54.55,7.56,66.67,73,30.88,59,33.33,651
大村,5,2,4352,下條雄太,40,長崎,52,A1,7.45,53.85,7.57,62.11,25,31.75,20,45.16,3 24
大村,5,3,4500,山田康二,38,佐賀,55,A1,7.96,57.61,6.95,50.00,34,38.57,67,37.70,5 51        11
大村,5,4,4497,桑原悠,39,長崎,53,A1,7.66,60.87,7.61,60.11,63,50.00,85,37.29,3F5
大村,5,5,4075,中野次郎,45,東京,55,A1,6.48,40.78,6.43,41.38,36,36.51,36,32.86,3 13        12
大村,5,6,3783,瓜生正義,50,福岡,53,A1,6.84,39.52,6.55,34.09,26,35.59,58,31.48,1 4         10
大村,6,1,3716,石渡鉄兵,51,東京,54,A1,6.99,45.00,6.58,45.83,45,46.27,12,38.03,4 13
大村,6,2,5028,原田才一,29,福岡,51,A1,7.15,57.35,7.34,55.26,60,28.79,29,37.50,626
大村,6,3,4686,丸野一樹,35,滋賀,53,A1,7.94,55.10,6.19,26.92,31,35.71,69,37.70,4 4         12
大村,6,4,5016,宮田龍馬,28,兵庫,53,A1,6.92,45.26,7.23,57.69,12,28.57,24,37.70,6 3          1
大村,6,5,5088,高憧四季,26,大阪,44,A1,6.59,44.19,6.55,40.91,62,34.29,56,38.10,633
大村,6,6,4320,峰竜太,41,佐賀,52,A1,8.77,62.64,8.44,63.46,28,31.25,14,38.71,3 1         11
大村,7,1,4524,深谷知博,38,静岡,53,A1,6.69,36.62,6.52,34.78,55,40.00,17,32.35,4635
大村,7,2,4503,上野真之,38,佐賀,52,A1,8.15,64.46,8.27,69.23,16,47.06,50,47.62,6 6         12
大村,7,3,4482,守屋美穂,37,岡山,45,A1,6.24,41.03,6.28,35.90,46,32.79,47,39.34,4 24
大村,7,4,4715,村上遼,34,長崎,52,A1,6.67,46.97,6.90,53.55,57,43.55,37,38.24,1362
大村,7,5,4910,中村泰平,30,愛知,51,A1,7.13,59.05,4.13,12.50,48,37.50,54,34.38,2 65
大村,7,6,3822,平尾崇典,53,岡山,51,A1,6.54,50.00,7.44,60.00,53,36.07,39,31.75,1465
大村,8,1,4571,菅章哉,38,徳島,53,A1,6.33,43.42,6.46,54.17,44,52.94,35,31.75,2 46
大村,8,2,4543,重木輝彦,38,兵庫,53,A1,6.64,48.11,5.23,30.77,22,30.30,66,39.34,6 1          1
大村,8,3,4371,西山貴浩,39,福岡,53,A1,7.08,45.92,7.31,46.88,29,40.00,76,39.06,2 1          3
大村,8,4,4961,西橋奈未,30,福井,47,A1,6.78,48.11,5.27,30.00,38,41.27,48,40.00,1 46        12
大村,8,5,4262,馬場貴也,42,滋賀,54,A1,7.81,52.00,7.10,41.94,37,41.27,38,32.35,S 2          2
大村,8,6,5026,安河内健,31,佐賀,54,A1,6.73,54.95,6.91,53.70,69,31.08,60,35.29,346
大村,9,1,3415,松井繁,56,大阪,52,A1,7.09,46.02,7.48,42.86,52,38.46,25,43.55,253
大村,9,2,4188,久田敏之,45,群馬,52,A1,7.88,65.18,6.45,36.36,81,38.03,31,36.62,314          4
大村,9,3,4096,石橋道友,44,長崎,52,A1,6.56,50.98,7.31,59.78,19,34.72,55,44.44,2 4          2
大村,9,4,4238,毒島誠,42,群馬,53,A1,7.85,64.37,7.03,41.94,61,35.38,74,31.11,1 32
大村,9,5,4908,上田龍星,31,大阪,52,A1,6.80,44.92,8.54,75.00,33,32.20,40,32.14,5 51         3
大村,9,6,5058,前原大道,29,岡山,52,A1,6.58,48.80,7.31,46.15,76,31.67,71,32.39,412          1
大村,10,1,4719,上條暢嵩,32,大阪,51,A1,7.55,48.65,7.36,42.42,40,30.16,84,35.19,6 32
大村,10,2,4174,赤坂俊輔,43,長崎,51,A1,6.38,44.44,6.41,43.72,17,39.34,51,35.82,2 3          1
大村,10,3,3783,瓜生正義,50,福岡,53,A1,6.84,39.52,6.55,34.09,26,35.59,58,31.48,1 4          5
大村,10,4,4494,河合佑樹,39,静岡,52,A1,6.89,47.13,6.75,25.00,27,29.69,77,33.82,3 26
大村,10,5,5224,西岡顕心,25,香川,52,A1,7.38,51.38,7.04,60.00,14,33.33,82,31.88,5 1          2
大村,10,6,4084,杉山正樹,46,愛知,54,A1,6.46,43.55,7.20,57.14,41,54.55,75,31.43,3 36         4
大村,11,1,4907,小池修平,31,大阪,52,A1,7.35,58.72,6.45,37.93,13,34.92,70,35.59,2 2          2
大村,11,2,4320,峰竜太,41,佐賀,52,A1,8.77,62.64,8.44,63.46,28,31.25,14,38.71,3 1          6
大村,11,3,5191,飛田江己,25,埼玉,53,A1,7.23,56.06,7.43,56.76,59,44.83,19,32.20,125
大村,11,4,4500,山田康二,38,佐賀,55,A1,7.96,57.61,6.95,50.00,34,38.57,67,37.70,5 51         5
大村,11,5,4960,黒野元基,30,愛知,53,A1,7.18,55.37,8.21,71.43,56,31.25,11,40.32,5122
大村,11,6,3983,須藤博倫,48,埼玉,52,A1,6.78,49.14,7.11,57.89,75,29.51,15,32.31,415          4
大村,12,1,4686,丸野一樹,35,滋賀,53,A1,7.94,55.10,6.19,26.92,31,35.71,69,37.70,4 4          6
大村,12,2,3719,辻栄蔵,51,広島,53,A1,6.70,44.76,7.31,37.50,20,49.23,64,39.68,6 1          2
大村,12,3,4075,中野次郎,45,東京,55,A1,6.48,40.78,6.43,41.38,36,36.51,36,32.86,3 13         5
大村,12,4,3952,中澤和志,50,埼玉,52,A1,6.67,48.33,6.54,41.03,43,34.29,43,39.34,5 14         3
大村,12,5,4503,上野真之,38,佐賀,52,A1,8.15,64.46,8.27,69.23,16,47.06,50,47.62,6 6          7
大村,12,6,4961,西橋奈未,30,福井,47,A1,6.78,48.11,5.27,30.00,38,41.27,48,40.00,1 46         8
芦屋,1,1,4330,奈須啓太,43,福岡,53,A2,5.98,41.23,6.36,48.28,23,28.87,16,32.00,11
芦屋,1,2,5261,岡暢祐,28,長崎,52,B1,4.36,21.43,2.69,7.69,60,41.11,57,36.84,10
芦屋,1,3,4840,鈴木秀茉,35,静岡,52,B1,4.82,28.16,3.61,16.67,57,38.95,67,31.96,7
芦屋,1,4,3873,別府昌樹,50,広島,54,B1,4.96,27.27,5.57,34.09,12,36.84,65,33.64,6
芦屋,1,5,4652,酒見峻介,41,佐賀,52,B1,4.82,23.17,6.95,50.00,45,29.36,53,32.67,9
芦屋,1,6,5447,岡本亜子,24,岡山,50,B2,1.07,0.00,0.00,0.00,24,16.67,23,31.46,
芦屋,2,1,3837,秋山広一,51,香川,52,A2,6.38,44.64,7.25,57.14,10,40.00,41,27.00,11
芦屋,2,2,5208,屋良龍紀,28,長崎,51,B1,4.13,22.08,3.51,13.51,43,40.20,32,34.69,9
芦屋,2,3,4521,小池公生,39,福岡,51,B1,5.33,29.90,4.78,27.12,52,32.97,50,26.44,7
芦屋,2,4,4848,仲谷颯仁,32,福岡,53,A1,7.59,52.21,7.08,53.33,49,24.47,62,32.99,12
芦屋,2,5,3357,福島陽子,57,岡山,49,B1,3.87,12.94,3.41,12.20,59,26.09,52,34.00,10
芦屋,2,6,5457,山田陽翔,20,長崎,51,B2,1.15,0.00,0.00,0.00,54,27.37,20,31.25,
芦屋,3,1,4850,野中一平,31,愛知,54,A2,6.38,47.54,6.14,42.86,14,28.57,66,36.27,10
芦屋,3,2,4020,川上清人,46,香川,66,B1,3.93,23.46,3.40,10.00,53,34.02,48,24.76,8
芦屋,3,3,4384,鶴本崇文,41,大阪,54,A1,5.63,36.73,7.39,55.56,25,12.82,34,37.14,12
芦屋,3,4,3843,上之晃弘,50,長崎,54,B1,4.84,29.90,4.56,20.59,40,28.16,24,32.22,
芦屋,3,5,4261,岡祐臣,42,三重,54,A2,6.00,42.48,5.95,52.63,3,45.45,54,34.69,9
芦屋,3,6,4744,伊藤玲奈,33,福岡,46,B1,4.55,24.00,2.95,0.00,7,34.65,11,18.75,
芦屋,4,1,4812,西野雄貴,36,徳島,52,A1,7.69,63.51,7.63,65.71,5,32.95,29,27.85,12
芦屋,4,2,4638,小林遼太,35,福岡,53,B1,5.38,36.56,4.55,27.27,55,37.78,70,35.92,
芦屋,4,3,4966,田川大貴,28,長崎,55,B1,5.13,33.71,4.89,29.63,1,23.26,33,32.32,8
芦屋,4,4,4991,宗行治哉,29,広島,52,A1,6.49,43.01,5.19,23.26,35,48.00,25,31.71,11
芦屋,4,5,5317,長尾萌加,25,岡山,45,B1,4.63,23.71,3.35,5.88,2,26.60,47,23.08,
芦屋,4,6,4437,中田元泰,40,香川,55,A2,5.92,43.22,6.81,52.38,16,22.94,15,28.13,9
芦屋,5,1,4137,君島秀三,46,滋賀,53,A1,6.61,48.03,6.97,60.53,15,28.85,19,26.44,12
芦屋,5,2,4853,前原哉,31,岡山,45,B1,4.41,18.48,3.39,5.56,51,30.93,30,23.08,9
芦屋,5,3,4793,金子萌,36,静岡,51,A2,6.41,48.57,5.68,42.11,20,22.77,13,44.23,11
芦屋,5,4,5082,一色凌雅,27,愛知,58,B1,5.51,35.71,4.00,13.33,11,38.54,26,38.78,10
芦屋,5,5,5383,中村楓,21,三重,53,B1,2.42,1.35,0.00,0.00,32,42.27,27,37.37,
芦屋,5,6,4389,伊藤喜智,40,大阪,52,A2,5.46,29.35,4.63,25.58,38,37.62,28,17.65,
芦屋,6,1,3873,別府昌樹,50,広島,54,B1,4.96,27.27,5.57,34.09,12,36.84,65,33.64,1
芦屋,6,2,4861,田中宏樹,38,福岡,53,A2,5.15,29.29,5.16,32.35,50,30.43,64,32.99,10
芦屋,6,3,3473,石川真二,56,福岡,53,A1,6.76,55.91,6.01,43.21,4,40.63,55,40.19,12
芦屋,6,4,3998,冨成謙児,47,佐賀,51,B1,4.34,26.26,4.24,22.22,27,30.39,17,34.26,
芦屋,6,5,4443,津田裕絵,40,山口,51,B1,5.52,39.05,5.32,36.17,41,40.59,18,40.00,11
芦屋,6,6,5160,藤森陸斗,27,福岡,54,A2,5.84,42.24,5.09,29.79,6,25.51,56,37.50,
芦屋,7,1,4521,小池公生,39,福岡,51,B1,5.33,29.90,4.78,27.12,52,32.97,50,26.44,2
芦屋,7,2,4092,岡部大輔,45,佐賀,53,B1,4.81,27.50,5.18,38.46,33,41.00,44,54.90,
芦屋,7,3,4408,仁科さや,40,長崎,48,B1,3.50,19.77,0.00,0.00,22,43.62,22,35.29,
芦屋,7,4,4840,鈴木秀茉,35,静岡,52,B1,4.82,28.16,3.61,16.67,57,38.95,67,31.96,1
芦屋,7,5,4594,谷川祐一,44,滋賀,53,B1,6.27,48.67,6.89,55.56,13,40.40,38,40.38,11
芦屋,7,6,5469,今泉博人,17,佐賀,55,B2,1.59,0.00,0.00,0.00,39,39.80,40,27.27,
芦屋,8,1,4966,田川大貴,28,長崎,55,B1,5.13,33.71,4.89,29.63,1,23.26,33,32.32,4
芦屋,8,2,4771,下寺秀和,33,広島,56,A1,7.19,54.63,5.75,40.63,29,38.14,68,35.56,12
芦屋,8,3,3509,池千夏,54,香川,50,B1,3.30,7.14,2.86,13.64,18,25.93,43,37.25,
芦屋,8,4,4020,川上清人,46,香川,66,B1,3.93,23.46,3.40,10.00,53,34.02,48,24.76,3
芦屋,8,5,5143,常盤海心,25,徳島,54,B1,3.80,16.16,4.32,17.65,58,23.91,63,35.42,
芦屋,8,6,4675,井手良太,38,大阪,51,A2,5.75,37.50,4.38,12.50,47,33.33,61,34.31,
芦屋,9,1,4261,岡祐臣,42,三重,54,A2,6.00,42.48,5.95,52.63,3,45.45,54,34.69,3
芦屋,9,2,4652,酒見峻介,41,佐賀,52,B1,4.82,23.17,6.95,50.00,45,29.36,53,32.67,1
芦屋,9,3,4853,前原哉,31,岡山,45,B1,4.41,18.48,3.39,5.56,51,30.93,30,23.08,5
芦屋,9,4,4437,中田元泰,40,香川,55,A2,5.92,43.22,6.81,52.38,16,22.94,15,28.13,4
芦屋,9,5,5208,屋良龍紀,28,長崎,51,B1,4.13,22.08,3.51,13.51,43,40.20,32,34.69,2
芦屋,9,6,4834,浜本裕己,38,大阪,51,A2,5.65,38.46,4.64,24.00,48,41.84,31,32.29,
芦屋,10,1,3541,三嶌誠司,58,香川,52,A2,6.27,43.69,7.82,68.18,42,25.00,39,29.41,
芦屋,10,2,3357,福島陽子,57,岡山,49,B1,3.87,12.94,3.41,12.20,59,26.09,52,34.00,2
芦屋,10,3,5082,一色凌雅,27,愛知,58,B1,5.51,35.71,4.00,13.33,11,38.54,26,38.78,5
芦屋,10,4,4850,野中一平,31,愛知,54,A2,6.38,47.54,6.14,42.86,14,28.57,66,36.27,3
芦屋,10,5,5261,岡暢祐,28,長崎,52,B1,4.36,21.43,2.69,7.69,60,41.11,57,36.84,1
芦屋,10,6,4861,田中宏樹,38,福岡,53,A2,5.15,29.29,5.16,32.35,50,30.43,64,32.99,6
芦屋,11,1,4991,宗行治哉,29,広島,52,A1,6.49,43.01,5.19,23.26,35,48.00,25,31.71,4
芦屋,11,2,4594,谷川祐一,44,滋賀,53,B1,6.27,48.67,6.89,55.56,13,40.40,38,40.38,7
芦屋,11,3,4443,津田裕絵,40,山口,51,B1,5.52,39.05,5.32,36.17,41,40.59,18,40.00,6
芦屋,11,4,4330,奈須啓太,43,福岡,53,A2,5.98,41.23,6.36,48.28,23,28.87,16,32.00,1
芦屋,11,5,3837,秋山広一,51,香川,52,A2,6.38,44.64,7.25,57.14,10,40.00,41,27.00,2
芦屋,11,6,4793,金子萌,36,静岡,51,A2,6.41,48.57,5.68,42.11,20,22.77,13,44.23,5
芦屋,12,1,4848,仲谷颯仁,32,福岡,53,A1,7.59,52.21,7.08,53.33,49,24.47,62,32.99,2
芦屋,12,2,3473,石川真二,56,福岡,53,A1,6.76,55.91,6.01,43.21,4,40.63,55,40.19,6
芦屋,12,3,4137,君島秀三,46,滋賀,53,A1,6.61,48.03,6.97,60.53,15,28.85,19,26.44,5
芦屋,12,4,4384,鶴本崇文,41,大阪,54,A1,5.63,36.73,7.39,55.56,25,12.82,34,37.14,3
芦屋,12,5,4812,西野雄貴,36,徳島,52,A1,7.69,63.51,7.63,65.71,5,32.95,29,27.85,4
芦屋,12,6,4771,下寺秀和,33,広島,56,A1,7.19,54.63,5.75,40.63,29,38.14,68,35.56,8
若松,1,1,4094,中島真二,45,福岡,53,B1,4.73,27.71,4.76,24.49,56,20.89,35,27.12,6
若松,1,2,3539,金子順一,58,山口,52,B1,4.53,22.68,4.94,38.89,10,24.16,14,20.37,8
若松,1,3,3175,渡辺千草,62,東京,49,B1,4.51,23.46,0.00,0.00,55,20.65,56,23.44,
若松,1,4,4396,大田直弥,40,山口,53,B1,4.79,25.51,5.02,25.86,38,33.52,75,31.75,9
若松,1,5,5014,梶山涼斗,28,佐賀,54,B1,4.34,27.12,4.92,26.32,57,30.06,57,36.51,10
若松,1,6,5382,山下心一,21,福岡,51,B1,1.90,1.15,2.07,3.45,23,40.11,61,32.35,7
若松,2,1,4076,杉田篤光,48,静岡,52,B1,4.78,25.00,4.65,23.53,62,24.68,32,32.35,7
若松,2,2,5316,村松将平,25,静岡,52,B1,5.20,32.89,0.00,0.00,18,32.16,68,35.48,11
若松,2,3,4230,濱崎直矢,43,埼玉,55,A2,6.20,47.37,5.68,45.45,32,35.98,74,29.41,8
若松,2,4,3362,間嶋仁志,57,三重,53,B1,5.10,33.67,6.27,42.31,53,31.61,69,26.15,
若松,2,5,4424,松尾昂明,41,福岡,50,A2,5.44,34.21,6.09,41.46,15,33.71,11,29.41,10
若松,2,6,4484,稲生夏季,36,東京,49,B1,4.72,21.05,6.20,40.00,58,34.48,45,34.62,
若松,3,1,4273,佐藤旭,44,静岡,53,B1,4.96,28.42,5.98,40.00,44,33.86,28,18.75,10
若松,3,2,5033,藤原孝斗,28,愛知,57,B1,4.40,26.39,4.00,0.00,28,31.95,21,36.84,8
若松,3,3,4518,大須賀友,39,愛知,52,A1,6.40,48.61,5.50,33.33,16,29.48,46,29.51,12
若松,3,4,5219,森口和紀,25,福岡,52,B1,5.27,37.63,5.47,35.29,60,32.20,36,38.46,11
若松,3,5,4014,片岡恵里,46,山口,48,A2,5.60,38.30,5.10,25.00,11,25.99,24,31.25,
若松,3,6,5429,吉川颯汰,23,佐賀,55,B2,1.12,0.00,0.00,0.00,8,29.73,50,26.32,
若松,4,1,4873,蒲原健太,32,佐賀,53,B1,4.86,29.75,5.25,30.56,26,30.41,63,27.69,
若松,4,2,5263,花田凱成,27,福岡,51,B1,3.87,13.95,3.18,4.55,9,31.91,22,23.33,
若松,4,3,4462,夏山亮平,40,大阪,59,B1,4.66,28.36,5.82,41.18,4,35.39,52,22.73,10
若松,4,4,4600,井内将太,41,広島,52,A1,6.31,47.44,6.17,38.89,25,38.46,58,21.88,12
若松,4,5,4529,嶋義信,37,香川,55,A1,5.51,36.05,5.47,32.35,30,30.11,38,31.34,11
若松,4,6,4009,小林一樹,47,山口,58,A2,5.61,41.11,5.82,42.42,39,37.23,47,35.19,8
若松,5,1,4816,村松修二,35,広島,55,A2,5.64,38.46,6.23,45.45,7,28.81,33,26.42,10
若松,5,2,4043,桐本康臣,47,三重,55,A2,5.89,40.35,7.11,50.00,22,36.31,29,24.59,11
若松,5,3,4891,寺島美里,36,東京,46,B1,5.11,30.56,6.50,50.00,59,30.36,16,35.48,
若松,5,4,4357,田中和也,42,大阪,53,A1,6.53,50.43,7.35,61.54,61,34.41,65,20.69,12
若松,5,5,4034,西原明生,47,香川,55,B1,4.04,22.22,5.11,36.11,13,31.46,55,33.87,
若松,5,6,5468,山口隼人,19,福岡,53,B2,1.32,0.00,0.00,0.00,43,34.59,40,20.34,9
若松,6,1,4274,長畑友輔,44,東京,52,B1,4.64,27.72,4.03,17.50,2,31.28,67,45.90,
若松,6,2,3388,今垣光太,56,福井,53,A1,6.51,45.68,5.19,23.81,1,26.74,31,36.36,12
若松,6,3,4094,中島真二,45,福岡,53,B1,4.73,27.71,4.76,24.49,56,20.89,35,27.12,1
若松,6,4,3880,浅見宗孝,53,埼玉,55,B1,4.15,16.67,4.22,22.22,29,26.67,60,37.93,
若松,6,5,4209,藤田竜弘,43,静岡,56,A2,6.16,39.18,5.22,31.11,41,34.04,12,32.76,11
若松,6,6,5085,中村栄治,27,福井,53,A2,5.17,33.33,5.75,25.00,31,33.33,20,29.51,10
若松,7,1,4296,岡崎恭裕,39,福岡,51,A2,6.37,44.07,6.76,53.75,45,35.29,15,40.98,12
若松,7,2,4085,荻野裕介,46,東京,53,B1,5.33,37.50,3.92,15.38,27,26.16,73,28.57,
若松,7,3,5382,山下心一,21,福岡,51,B1,1.90,1.15,2.07,3.45,23,40.11,61,32.35,1
若松,7,4,3999,大瀧明日,47,愛知,45,A2,6.33,49.12,5.52,44.44,33,29.84,59,22.64,11
若松,7,5,4076,杉田篤光,48,静岡,52,B1,4.78,25.00,4.65,23.53,62,24.68,32,32.35,2
若松,7,6,4551,三川昂暁,37,福岡,54,A2,5.63,38.60,4.97,23.33,3,32.22,42,33.33,
若松,8,1,3737,上平真二,52,広島,52,A1,6.97,49.44,7.00,42.86,54,29.94,64,33.96,12
若松,8,2,4230,濱崎直矢,43,埼玉,55,A2,6.20,47.37,5.68,45.45,32,35.98,74,29.41,2
若松,8,3,4009,小林一樹,47,山口,58,A2,5.61,41.11,5.82,42.42,39,37.23,47,35.19,4
若松,8,4,5033,藤原孝斗,28,愛知,57,B1,4.40,26.39,4.00,0.00,28,31.95,21,36.84,3
若松,8,5,5373,諏訪玲奈,23,岡山,45,B2,3.09,5.80,0.00,0.00,37,28.81,25,39.71,
若松,8,6,3539,金子順一,58,山口,52,B1,4.53,22.68,4.94,38.89,10,24.16,14,20.37,1
若松,9,1,3833,中辻博訓,52,福井,55,A2,6.40,50.47,5.94,40.00,34,38.14,51,35.94,
若松,9,2,4204,柴田大輔,44,福岡,53,B1,5.06,29.49,5.19,31.48,12,33.51,18,15.79,
若松,9,3,4396,大田直弥,40,山口,53,B1,4.79,25.51,5.02,25.86,38,33.52,75,31.75,1
若松,9,4,5248,本田愛,24,静岡,47,B1,5.42,37.36,3.94,22.58,36,31.11,49,24.00,
若松,9,5,5468,山口隼人,19,福岡,53,B2,1.32,0.00,0.00,0.00,43,34.59,40,20.34,5
若松,9,6,4373,若狭奈美,38,岡山,46,A1,6.25,41.18,6.21,42.11,50,33.15,27,35.82,
若松,10,1,4424,松尾昂明,41,福岡,50,A2,5.44,34.21,6.09,41.46,15,33.71,11,29.41,2
若松,10,2,5014,梶山涼斗,28,佐賀,54,B1,4.34,27.12,4.92,26.32,57,30.06,57,36.51,1
若松,10,3,5085,中村栄治,27,福井,53,A2,5.17,33.33,5.75,25.00,31,33.33,20,29.51,6
若松,10,4,4816,村松修二,35,広島,55,A2,5.64,38.46,6.23,45.45,7,28.81,33,26.42,5
若松,10,5,4273,佐藤旭,44,静岡,53,B1,4.96,28.42,5.98,40.00,44,33.86,28,18.75,3
若松,10,6,4462,夏山亮平,40,大阪,59,B1,4.66,28.36,5.82,41.18,4,35.39,52,22.73,4
若松,11,1,4529,嶋義信,37,香川,55,A1,5.51,36.05,5.47,32.35,30,30.11,38,31.34,4
若松,11,2,3999,大瀧明日,47,愛知,45,A2,6.33,49.12,5.52,44.44,33,29.84,59,22.64,7
若松,11,3,5219,森口和紀,25,福岡,52,B1,5.27,37.63,5.47,35.29,60,32.20,36,38.46,3
若松,11,4,4209,藤田竜弘,43,静岡,56,A2,6.16,39.18,5.22,31.11,41,34.04,12,32.76,6
若松,11,5,5316,村松将平,25,静岡,52,B1,5.20,32.89,0.00,0.00,18,32.16,68,35.48,2
若松,11,6,4043,桐本康臣,47,三重,55,A2,5.89,40.35,7.11,50.00,22,36.31,29,24.59,5
若松,12,1,3388,今垣光太,56,福井,53,A1,6.51,45.68,5.19,23.81,1,26.74,31,36.36,6
若松,12,2,3737,上平真二,52,広島,52,A1,6.97,49.44,7.00,42.86,54,29.94,64,33.96,8
若松,12,3,4357,田中和也,42,大阪,53,A1,6.53,50.43,7.35,61.54,61,34.41,65,20.69,5
若松,12,4,4296,岡崎恭裕,39,福岡,51,A2,6.37,44.07,6.76,53.75,45,35.29,15,40.98,7
若松,12,5,4518,大須賀友,39,愛知,52,A1,6.40,48.61,5.50,33.33,16,29.48,46,29.51,3
若松,12,6,4600,井内将太,41,広島,52,A1,6.31,47.44,6.17,38.89,25,38.46,58,21.88,4
宮島,1,1,4574,東潤樹,37,広島,52,A2,5.10,34.29,5.59,39.56,52,35.06,26,27.78,11
宮島,1,2,5036,福田翔吾,28,大阪,52,B1,5.64,37.72,5.22,34.38,57,36.51,60,28.80,6
宮島,1,3,4231,鈴木裕隆,43,愛知,56,B1,5.40,33.91,5.34,34.21,82,32.02,61,34.35,9
宮島,1,4,4023,柴田友和,49,福岡,52,B1,3.79,18.52,5.25,25.00,59,29.91,22,33.07,7
宮島,1,5,3868,尾形栄治,51,東京,56,B1,4.55,22.62,0.00,0.00,29,31.39,13,37.56,10
宮島,1,6,3748,小黒竜吾,51,埼玉,58,B1,3.97,13.24,5.78,33.33,72,47.72,63,35.32,8
宮島,2,1,3920,正木聖賢,51,広島,53,B1,4.47,29.41,5.78,40.38,66,38.39,69,29.73,
宮島,2,2,3662,大庭元明,56,福岡,57,B1,4.96,33.33,6.70,60.00,79,36.68,56,34.94,11
宮島,2,3,5236,小宮涼雅,27,広島,53,B1,4.55,25.00,3.80,20.00,80,29.41,36,33.06,10
宮島,2,4,5384,八戸琉楓,21,長崎,52,B2,1.68,1.18,1.00,0.00,24,36.40,35,36.89,8
宮島,2,5,5311,小林京平,28,山口,52,B1,5.34,34.88,2.83,8.33,61,35.98,70,30.19,7
宮島,2,6,4201,佐竹友樹,44,埼玉,54,B1,4.33,22.02,4.74,30.43,58,39.48,15,30.89,9
宮島,3,1,4134,杉山貴博,46,東京,54,A2,5.69,40.18,5.65,32.50,16,34.09,32,33.74,9
宮島,3,2,4732,堀本和也,37,徳島,54,A2,7.06,56.67,6.07,40.00,51,39.00,18,33.95,8
宮島,3,3,4332,村上彰一,42,福岡,58,B1,4.26,18.06,4.45,13.64,11,39.41,54,28.25,10
宮島,3,4,3556,田中信一,53,大阪,55,A1,6.76,52.29,7.50,64.71,60,37.85,39,33.33,12
宮島,3,5,4570,前田聖文,38,愛知,57,A1,6.07,37.78,6.17,35.42,55,36.29,33,26.45,11
宮島,3,6,5452,上馬場風,20,広島,53,B2,1.16,0.00,1.18,0.00,19,34.82,27,35.21,
宮島,4,1,3637,齋藤和政,55,愛知,55,B1,3.62,15.49,2.53,5.88,18,33.62,75,31.43,
宮島,4,2,4601,森野正弘,41,山口,56,A1,7.05,58.18,6.61,41.07,25,37.25,53,31.89,12
宮島,4,3,3503,堂原洋史,56,埼玉,51,B1,3.55,16.30,4.47,21.05,20,29.46,65,32.26,10
宮島,4,4,4839,四宮与寛,36,徳島,53,A2,6.21,46.28,6.16,48.39,15,35.27,17,40.64,11
宮島,4,5,4969,町田洸希,35,長崎,54,B1,4.60,22.99,5.63,36.84,36,33.60,79,29.22,
宮島,4,6,4637,中田友也,36,埼玉,57,A2,5.77,40.63,5.80,45.00,70,32.11,66,34.62,9
宮島,5,1,4514,上條嘉嗣,36,大阪,53,A1,6.59,54.69,6.46,48.72,17,38.84,57,35.78,12
宮島,5,2,5249,三木晴斗,24,徳島,52,B1,4.91,27.03,3.32,9.09,62,28.51,68,34.29,
宮島,5,3,5041,荒牧凪沙,27,福岡,51,B1,4.88,29.17,5.92,37.50,21,40.82,77,35.15,
宮島,5,4,4808,松尾拓,38,三重,50,A2,6.40,46.85,5.17,30.56,53,32.61,80,29.13,11
宮島,5,5,4241,大串重幸,41,長崎,53,A2,5.80,35.64,5.85,35.00,65,40.80,50,29.35,10
宮島,5,6,3381,滝沢芳行,58,埼玉,55,B1,5.17,32.18,4.67,30.56,32,41.63,20,28.85,
宮島,6,1,5035,櫻井優,28,埼玉,53,A2,5.45,36.79,0.00,0.00,13,27.50,51,37.21,11
宮島,6,2,4952,吉武真也,32,福岡,53,B1,4.21,20.00,4.75,25.00,73,29.80,21,33.89,
宮島,6,3,4650,中山雄太,42,愛知,53,B2,2.92,8.33,6.27,54.55,30,41.80,78,38.36,
宮島,6,4,3333,丸尾義孝,58,徳島,53,A1,6.50,48.21,7.00,54.55,27,30.77,81,31.18,12
宮島,6,5,5036,福田翔吾,28,大阪,52,B1,5.64,37.72,5.22,34.38,57,36.51,60,28.80,1
宮島,6,6,3684,清水攻二,52,山口,52,A2,5.56,34.62,6.38,50.00,38,47.41,71,32.79,
宮島,7,1,4023,柴田友和,49,福岡,52,B1,3.79,18.52,5.25,25.00,59,29.91,22,33.07,1
宮島,7,2,4302,西野翔太,43,広島,52,A1,6.60,53.27,6.45,45.20,67,31.97,34,29.78,12
宮島,7,3,4428,有賀達也,40,埼玉,53,A2,6.04,39.25,7.16,56.25,34,35.68,73,34.17,
宮島,7,4,5311,小林京平,28,山口,52,B1,5.34,34.88,2.83,8.33,61,35.98,70,30.19,2
宮島,7,5,3497,後藤浩,58,埼玉,52,B1,4.00,25.61,5.61,27.78,71,33.94,23,31.34,
宮島,7,6,5450,藤本遼磨,23,大阪,52,B2,2.06,2.08,0.00,0.00,37,43.04,58,36.36,
宮島,8,1,4406,幸野史明,41,福岡,53,B1,4.21,18.63,4.78,27.59,23,32.61,29,43.37,
宮島,8,2,3748,小黒竜吾,51,埼玉,58,B1,3.97,13.24,5.78,33.33,72,47.72,63,35.32,1
宮島,8,3,4832,権藤俊光,39,大阪,51,A1,6.72,48.36,7.60,60.00,33,33.33,37,38.96,12
宮島,8,4,4158,木場雄二,45,山口,58,B1,4.39,21.05,4.31,22.39,63,33.19,55,27.59,
宮島,8,5,5384,八戸琉楓,21,長崎,52,B2,1.68,1.18,1.00,0.00,24,36.40,35,36.89,2
宮島,8,6,4732,堀本和也,37,徳島,54,A2,7.06,56.67,6.07,40.00,51,39.00,18,33.95,3
宮島,9,1,4461,安田吉宏,40,三重,58,B1,4.51,22.58,4.00,8.33,78,29.58,24,33.48,
宮島,9,2,4637,中田友也,36,埼玉,57,A2,5.77,40.63,5.80,45.00,70,32.11,66,34.62,4
宮島,9,3,4134,杉山貴博,46,東京,54,A2,5.69,40.18,5.65,32.50,16,34.09,32,33.74,3
宮島,9,4,4201,佐竹友樹,44,埼玉,54,B1,4.33,22.02,4.74,30.43,58,39.48,15,30.89,2
宮島,9,5,3265,今村暢孝,61,福岡,52,A2,5.98,44.05,6.80,53.52,39,32.49,76,35.37,
宮島,9,6,4231,鈴木裕隆,43,愛知,56,B1,5.40,33.91,5.34,34.21,82,32.02,61,34.35,1
宮島,10,1,3868,尾形栄治,51,東京,56,B1,4.55,22.62,0.00,0.00,29,31.39,13,37.56,1
宮島,10,2,4593,小坂宗司,45,大阪,52,A2,5.97,36.45,5.92,38.98,54,35.80,14,28.64,
宮島,10,3,4241,大串重幸,41,長崎,53,A2,5.80,35.64,5.85,35.00,65,40.80,50,29.35,5
宮島,10,4,4332,村上彰一,42,福岡,58,B1,4.26,18.06,4.45,13.64,11,39.41,54,28.25,3
宮島,10,5,5236,小宮涼雅,27,広島,53,B1,4.55,25.00,3.80,20.00,80,29.41,36,33.06,2
宮島,10,6,3503,堂原洋史,56,埼玉,51,B1,3.55,16.30,4.47,21.05,20,29.46,65,32.26,4
宮島,11,1,4570,前田聖文,38,愛知,57,A1,6.07,37.78,6.17,35.42,55,36.29,33,26.45,3
宮島,11,2,4808,松尾拓,38,三重,50,A2,6.40,46.85,5.17,30.56,53,32.61,80,29.13,5
宮島,11,3,4574,東潤樹,37,広島,52,A2,5.10,34.29,5.59,39.56,52,35.06,26,27.78,1
宮島,11,4,5035,櫻井優,28,埼玉,53,A2,5.45,36.79,0.00,0.00,13,27.50,51,37.21,6
宮島,11,5,3662,大庭元明,56,福岡,57,B1,4.96,33.33,6.70,60.00,79,36.68,56,34.94,2
宮島,11,6,4839,四宮与寛,36,徳島,53,A2,6.21,46.28,6.16,48.39,15,35.27,17,40.64,4
宮島,12,1,3556,田中信一,53,大阪,55,A1,6.76,52.29,7.50,64.71,60,37.85,39,33.33,3
宮島,12,2,3333,丸尾義孝,58,徳島,53,A1,6.50,48.21,7.00,54.55,27,30.77,81,31.18,6
宮島,12,3,4302,西野翔太,43,広島,52,A1,6.60,53.27,6.45,45.20,67,31.97,34,29.78,7
宮島,12,4,4514,上條嘉嗣,36,大阪,53,A1,6.59,54.69,6.46,48.72,17,38.84,57,35.78,5
宮島,12,5,4601,森野正弘,41,山口,56,A1,7.05,58.18,6.61,41.07,25,37.25,53,31.89,4
宮島,12,6,4832,権藤俊光,39,大阪,51,A1,6.72,48.36,7.60,60.00,33,33.33,37,38.96,8
児島,1,1,4067,永井源,46,愛知,52,A2,6.50,49.61,0.00,0.00,14,27.04,14,34.59,1 34        10
児島,1,2,4449,中嶋達也,39,兵庫,51,B1,3.95,21.84,4.38,25.00,63,32.20,69,31.91,3 56
児島,1,3,5335,森陽多,21,長崎,46,B1,3.10,13.24,1.53,5.88,20,49.50,45,37.50,6 65
児島,1,4,4924,中北涼,33,長崎,48,B1,4.61,22.00,4.56,27.78,67,33.17,75,32.16,535          9
児島,1,5,4410,井上大輔,40,岡山,52,B1,4.29,24.47,5.01,33.03,24,30.50,20,30.17,254          8
児島,1,6,5076,石原光,30,静岡,55,B1,4.95,32.69,3.41,13.64,22,35.96,56,32.62,621          7
児島,2,1,3866,木山誠一,51,岡山,54,B1,4.44,27.85,3.14,16.00,40,25.00,42,35.48,5 55
児島,2,2,5326,三嶌さら,22,香川,47,B1,5.02,31.15,4.04,16.00,53,34.67,53,26.01,445         10
児島,2,3,4789,古賀智之,37,福岡,53,A2,5.63,39.13,5.31,31.25,37,34.80,12,31.15,5 44         7
児島,2,4,4343,村岡賢,41,広島,54,B1,4.19,15.79,5.03,36.36,54,31.77,13,29.67,336          8
児島,2,5,5124,上瀧絢也,30,佐賀,54,B1,4.35,25.93,3.20,10.00,11,31.00,51,30.60,556          9
児島,2,6,4374,永田義紘,42,広島,52,B1,4.33,25.00,4.28,20.00,46,24.86,54,38.59,335         11
児島,3,1,5286,坂井滉哉,27,福岡,50,B1,4.67,25.25,4.68,21.05,52,28.43,39,38.46,2 66
児島,3,2,3988,古川誠之,48,愛知,56,A2,6.20,38.52,5.73,45.45,61,35.18,52,32.42,113          8
児島,3,3,4436,渋谷明憲,40,大阪,52,A1,6.34,48.28,5.38,38.10,12,39.60,35,27.66,3 12         9
児島,3,4,4131,原豊土,46,静岡,56,B1,5.70,37.86,6.60,55.00,39,37.13,34,39.89,241         11
児島,3,5,4788,小池哲也,37,大阪,55,A2,5.40,31.19,6.02,41.94,56,36.36,49,47.25,5 13        10
児島,3,6,3284,渡邊伸太,58,佐賀,54,B1,5.71,36.71,4.00,10.53,64,33.17,15,40.00,422         12
児島,4,1,5358,増本杏珠,21,福岡,49,B2,2.83,7.58,0.00,0.00,41,35.12,47,31.35,6 36
児島,4,2,4359,横川聖志,42,徳島,57,A2,5.37,35.96,5.25,33.93,36,36.23,31,35.52,4 42        11
児島,4,3,4460,後藤翔之,40,東京,56,A2,6.07,43.27,6.26,48.72,23,32.51,41,29.59,164          9
児島,4,4,4350,篠崎元志,40,福岡,54,A1,8.09,66.67,8.75,85.00,28,32.45,28,24.71,312         12
児島,4,5,5265,大廣咲季,26,香川,46,B1,3.77,16.30,3.65,17.39,27,35.45,21,27.84,5 36
児島,4,6,5109,川崎智稔,27,岡山,51,B1,4.65,28.00,4.45,22.73,68,32.67,61,31.32,164         10
児島,5,1,5299,西丸敦基,24,香川,53,A2,6.07,44.55,5.24,36.73,62,38.86,37,22.02,2235
児島,5,2,4314,青木幸太,42,福岡,51,A2,5.88,39.76,4.35,11.76,58,33.33,40,31.52,412         12
児島,5,3,5047,國分将太,32,東京,53,B1,6.11,39.80,5.48,34.78,15,26.84,59,32.09,113          9
児島,5,4,4499,滝川真由,38,長崎,45,B1,5.00,25.81,2.67,0.00,26,31.50,46,31.87,613         10
児島,5,5,4446,和田兼輔,39,兵庫,53,A1,6.79,47.78,6.75,35.00,18,30.39,62,33.51,434         11
児島,5,6,5464,宮田栞,19,福岡,50,B2,1.24,0.00,0.00,0.00,65,36.10,16,23.46,6 66
児島,6,1,5063,大塚雅治,28,東京,54,B1,5.00,26.97,4.88,24.00,34,32.67,23,33.51,5 25
児島,6,2,4286,平田さや,42,東京,47,A2,6.06,43.75,0.00,0.00,17,38.50,11,27.33,424         12
児島,6,3,4828,松山将吾,32,滋賀,50,A1,6.56,48.04,5.40,36.67,42,30.10,67,27.01,2512        11
児島,6,4,5338,香月大輝,26,福岡,52,B1,4.50,20.00,3.56,5.56,16,35.92,70,31.35,6 43
児島,6,5,4441,末永由楽,40,岡山,54,A2,5.63,33.33,6.34,43.84,66,33.83,36,34.59,1123
児島,6,6,5423,高橋嗣穏,24,徳島,50,B2,1.22,0.00,1.22,0.00,33,25.87,29,32.97,66F
児島,7,1,4382,高山智至,41,滋賀,55,B1,4.64,21.36,3.67,5.56,31,34.33,68,40.54,4 23
児島,7,2,4789,古賀智之,37,福岡,53,A2,5.63,39.13,5.31,31.25,37,34.80,12,31.15,5 44         2
児島,7,3,5076,石原光,30,静岡,55,B1,4.95,32.69,3.41,13.64,22,35.96,56,32.62,621          1
児島,7,4,5074,大澤誠也,30,愛知,56,B1,4.23,22.54,4.86,21.43,38,35.12,38,42.78,5 15
児島,7,5,4072,森永淳,45,佐賀,53,A1,7.34,58.82,7.60,70.00,21,37.86,58,38.59,3625        12
児島,7,6,4754,松尾充,38,三重,51,A2,6.44,44.00,0.00,0.00,32,25.52,25,29.44,6 21        11
児島,8,1,4797,中山将,34,三重,56,A1,6.04,44.44,6.38,47.62,57,35.00,60,29.88,4 46        12
児島,8,2,4410,井上大輔,40,岡山,52,B1,4.29,24.47,5.01,33.03,24,30.50,20,30.17,254          1
児島,8,3,4343,村岡賢,41,広島,54,B1,4.19,15.79,5.03,36.36,54,31.77,13,29.67,336          2
児島,8,4,3988,古川誠之,48,愛知,56,A2,6.20,38.52,5.73,45.45,61,35.18,52,32.42,113          3
児島,8,5,4728,山口亮,38,東京,55,B1,4.53,24.66,4.22,21.74,60,43.56,33,38.04,2 14
児島,8,6,5292,佐藤右京,24,東京,56,B1,4.46,26.09,3.38,19.23,25,25.76,55,27.84,2 32
児島,9,1,4460,後藤翔之,40,東京,56,A2,6.07,43.27,6.26,48.72,23,32.51,41,29.59,164          4
児島,9,2,5047,國分将太,32,東京,53,B1,6.11,39.80,5.48,34.78,15,26.84,59,32.09,113          5
児島,9,3,5124,上瀧絢也,30,佐賀,54,B1,4.35,25.93,3.20,10.00,11,31.00,51,30.60,556          2
児島,9,4,4436,渋谷明憲,40,大阪,52,A1,6.34,48.28,5.38,38.10,12,39.60,35,27.66,3 12         3
児島,9,5,4364,池永太,41,福岡,55,A1,6.15,43.48,7.61,62.75,50,39.50,66,32.95,5211
児島,9,6,4924,中北涼,33,長崎,48,B1,4.61,22.00,4.56,27.78,67,33.17,75,32.16,535          1
児島,10,1,4499,滝川真由,38,長崎,45,B1,5.00,25.81,2.67,0.00,26,31.50,46,31.87,613          5
児島,10,2,4067,永井源,46,愛知,52,A2,6.50,49.61,0.00,0.00,14,27.04,14,34.59,1 34         1
児島,10,3,4788,小池哲也,37,大阪,55,A2,5.40,31.19,6.02,41.94,56,36.36,49,47.25,5 13         3
児島,10,4,5109,川崎智稔,27,岡山,51,B1,4.65,28.00,4.45,22.73,68,32.67,61,31.32,164          4
児島,10,5,4030,森高一真,48,香川,50,A1,6.76,37.84,6.59,34.48,48,21.93,22,30.94,3411
児島,10,6,5326,三嶌さら,22,香川,47,B1,5.02,31.15,4.04,16.00,53,34.67,53,26.01,445          2
児島,11,1,4446,和田兼輔,39,兵庫,53,A1,6.79,47.78,6.75,35.00,18,30.39,62,33.51,434          5
児島,11,2,4754,松尾充,38,三重,51,A2,6.44,44.00,0.00,0.00,32,25.52,25,29.44,6 21         7
児島,11,3,4374,永田義紘,42,広島,52,B1,4.33,25.00,4.28,20.00,46,24.86,54,38.59,335          2
児島,11,4,4828,松山将吾,32,滋賀,50,A1,6.56,48.04,5.40,36.67,42,30.10,67,27.01,2512         6
児島,11,5,4359,横川聖志,42,徳島,57,A2,5.37,35.96,5.25,33.93,36,36.23,31,35.52,4 42         4
児島,11,6,4131,原豊土,46,静岡,56,B1,5.70,37.86,6.60,55.00,39,37.13,34,39.89,241          3
児島,12,1,4072,森永淳,45,佐賀,53,A1,7.34,58.82,7.60,70.00,21,37.86,58,38.59,3625         7
児島,12,2,3284,渡邊伸太,58,佐賀,54,B1,5.71,36.71,4.00,10.53,64,33.17,15,40.00,422          3
児島,12,3,4350,篠崎元志,40,福岡,54,A1,8.09,66.67,8.75,85.00,28,32.45,28,24.71,312          4
児島,12,4,4314,青木幸太,42,福岡,51,A2,5.88,39.76,4.35,11.76,58,33.33,40,31.52,412          5
児島,12,5,4797,中山将,34,三重,56,A1,6.04,44.44,6.38,47.62,57,35.00,60,29.88,4 46         8
児島,12,6,4286,平田さや,42,東京,47,A2,6.06,43.75,0.00,0.00,17,38.50,11,27.33,424          6
鳴門,1,1,4530,小野生奈,37,福岡,46,A1,7.23,59.22,6.13,40.00,39,13.16,56,41.10,1 3122       7
鳴門,1,2,4678,水野望美,37,愛知,47,B1,4.43,23.53,6.79,52.63,80,29.07,20,25.00,4 5535
鳴門,1,3,5342,原村百那,24,山口,47,B2,2.64,9.84,1.18,0.00,79,48.57,77,44.44,64S 4        5
鳴門,1,4,4843,深尾巴恵,33,静岡,46,B1,3.72,17.24,5.50,37.50,69,29.87,18,36.84,553 3        9
鳴門,1,5,5334,樫葉新心,22,徳島,45,B1,2.80,5.33,2.93,11.11,32,27.40,19,31.17,455 65
鳴門,1,6,4746,大豆生蒼,31,埼玉,47,B1,5.67,39.02,4.50,15.38,24,32.43,82,26.76,6 6154
鳴門,2,1,5069,山崎小葉,25,群馬,43,B1,5.01,28.26,5.09,27.91,61,30.26,58,25.00,3 362        9
鳴門,2,2,4714,喜多須杏,35,徳島,48,B1,5.00,27.06,5.22,27.96,16,35.80,84,29.17,1 5235       7
鳴門,2,3,5198,奥村明日,24,福岡,47,B1,5.54,38.00,4.06,20.37,29,46.07,73,19.72,132 51       8
鳴門,2,4,5056,西岡成美,30,徳島,46,B2,4.40,24.00,5.59,31.48,60,30.99,61,32.89,5 341       12
鳴門,2,5,4611,今井美亜,36,福井,47,A1,6.09,40.35,5.84,40.00,71,36.62,32,33.78,126512
鳴門,2,6,5189,藤原早菜,25,岡山,45,A2,5.09,28.32,3.29,0.00,74,27.63,71,22.54,53416       11
鳴門,3,1,4885,大山千広,30,福岡,47,A2,7.17,57.97,0.00,0.00,68,28.00,27,34.25,21131       11
鳴門,3,2,4400,加藤奈月,38,福井,53,B1,4.19,13.92,3.93,6.67,70,40.63,25,21.43,2 654        8
鳴門,3,3,4733,赤井睦,37,徳島,47,B1,5.42,37.10,5.09,30.67,21,24.29,76,33.78,3 2611      12
鳴門,3,4,4901,出口舞有,33,愛知,45,B1,5.73,36.36,0.00,0.00,28,25.00,74,39.19,3 2124       7
鳴門,3,5,4845,前田紗希,33,埼玉,47,A1,6.04,44.05,7.78,61.11,36,23.08,33,53.33,36143        9
鳴門,3,6,5108,柴田愛梨,27,群馬,48,B2,3.03,10.00,0.00,0.00,52,42.11,35,27.40,6 556       10
鳴門,4,1,4372,原田佑実,39,大阪,46,A2,6.06,40.45,4.77,35.48,56,23.19,79,24.29,12564        8
鳴門,4,2,4642,松尾夏海,34,香川,48,A2,7.17,56.20,6.24,42.11,35,29.41,66,43.66,44115       11
鳴門,4,3,4546,浜田亜理,38,埼玉,47,B1,7.22,57.30,7.64,64.29,65,34.25,70,35.90,32544       10
鳴門,4,4,4984,森下愛梨,29,静岡,51,B1,4.80,28.92,6.00,33.33,33,40.28,68,28.17,1 4364
鳴門,4,5,4680,後藤美翼,36,東京,46,A2,5.46,31.00,5.32,28.57,26,29.33,36,22.08,2S2 24       9
鳴門,4,6,4965,福岡泉水,28,兵庫,51,B1,4.45,20.43,3.53,21.05,31,35.44,50,36.62,F64 6
鳴門,5,1,5180,藤本紗弥,28,山口,47,B2,4.73,26.79,0.00,0.00,84,21.43,22,25.97,355 42
鳴門,5,2,5342,原村百那,24,山口,47,B2,2.64,9.84,1.18,0.00,79,48.57,77,44.44,64S 4        1
鳴門,5,3,4784,向井田真,38,広島,53,B1,3.25,10.00,4.28,27.78,51,36.11,17,38.96,362 3       10
鳴門,5,4,3470,新田芳美,56,徳島,47,B1,5.19,26.03,4.89,28.41,83,23.08,26,30.77,242 45
鳴門,5,5,4738,清埜翔子,35,埼玉,46,A2,5.93,39.68,7.33,44.44,75,23.61,14,38.36,611 23       9
鳴門,5,6,4347,魚谷香織,41,福岡,45,A2,6.06,41.57,6.55,54.55,76,29.73,67,34.67,2 1342      11
鳴門,6,1,4720,西澤日花,32,長崎,48,B1,3.38,13.64,0.00,0.00,59,40.00,24,30.67,464 56
鳴門,6,2,4450,平高奈菜,39,香川,47,A2,6.63,47.37,5.94,42.86,38,33.77,39,28.21,13321       12
鳴門,6,3,5195,北村寧々,24,長崎,47,A2,5.21,33.72,4.76,23.53,12,35.90,13,35.06,1 4453      11
鳴門,6,4,4775,千葉真弥,32,静岡,47,A2,6.22,43.75,5.20,20.00,53,31.34,80,17.19,532 33      10
鳴門,6,5,4689,豊田結,33,静岡,54,B1,4.85,28.57,5.91,46.88,78,34.62,62,29.41,423 23
鳴門,6,6,5390,高橋涼夏,19,群馬,47,B2,2.81,10.34,1.43,0.00,17,27.71,30,24.68,F66 3
鳴門,7,1,5153,佐藤ほの,30,東京,46,B1,3.40,10.11,0.00,0.00,10,22.54,37,38.96,4 366       11
鳴門,7,2,4901,出口舞有,33,愛知,45,B1,5.73,36.36,0.00,0.00,28,25.00,74,39.19,3 2124       3
鳴門,7,3,4714,喜多須杏,35,徳島,48,B1,5.00,27.06,5.22,27.96,16,35.80,84,29.17,1 5235       2
鳴門,7,4,4627,藤原菜希,40,東京,48,A2,6.56,47.46,6.83,55.56,23,28.00,83,35.90,3 4436      12
鳴門,7,5,4530,小野生奈,37,福岡,46,A1,7.23,59.22,6.13,40.00,39,13.16,56,41.10,1 3122       1
鳴門,7,6,5440,薗頭心,20,兵庫,48,B2,1.73,5.36,2.00,0.00,58,38.24,34,26.58,6 6 56
鳴門,8,1,4900,中田夕貴,33,埼玉,46,B1,5.05,30.59,4.46,21.43,54,31.94,38,28.38,4 2525
鳴門,8,2,4372,原田佑実,39,大阪,46,A2,6.06,40.45,4.77,35.48,56,23.19,79,24.29,12564        4
鳴門,8,3,4400,加藤奈月,38,福井,53,B1,4.19,13.92,3.93,6.67,70,40.63,25,21.43,2 654        3
鳴門,8,4,5193,米丸乃絵,25,福岡,48,A1,6.99,54.81,6.29,38.24,30,38.67,15,28.77,251 15      12
鳴門,8,5,5198,奥村明日,24,福岡,47,B1,5.54,38.00,4.06,20.37,29,46.07,73,19.72,132 51       2
鳴門,8,6,4071,古賀千晶,45,兵庫,47,B1,4.51,29.85,6.60,60.00,11,29.33,57,20.90,412 F6
鳴門,9,1,4845,前田紗希,33,埼玉,47,A1,6.04,44.05,7.78,61.11,36,23.08,33,53.33,36143        3
鳴門,9,2,4738,清埜翔子,35,埼玉,46,A2,5.93,39.68,7.33,44.44,75,23.61,14,38.36,611 23       5
鳴門,9,3,4680,後藤美翼,36,東京,46,A2,5.46,31.00,5.32,28.57,26,29.33,36,22.08,2S2 24       4
鳴門,9,4,5380,野田亜湖,22,徳島,50,B2,1.20,0.00,1.27,0.00,27,33.33,54,40.79,5 666
鳴門,9,5,5069,山崎小葉,25,群馬,43,B1,5.01,28.26,5.09,27.91,61,30.26,58,25.00,3 362        2
鳴門,9,6,4843,深尾巴恵,33,静岡,46,B1,3.72,17.24,5.50,37.50,69,29.87,18,36.84,553 3        1
鳴門,10,1,4784,向井田真,38,広島,53,B1,3.25,10.00,4.28,27.78,51,36.11,17,38.96,362 3        5
鳴門,10,2,4775,千葉真弥,32,静岡,47,A2,6.22,43.75,5.20,20.00,53,31.34,80,17.19,532 33       6
鳴門,10,3,5108,柴田愛梨,27,群馬,48,B2,3.03,10.00,0.00,0.00,52,42.11,35,27.40,6 556        3
鳴門,10,4,4546,浜田亜理,38,埼玉,47,B1,7.22,57.30,7.64,64.29,65,34.25,70,35.90,32544        4
鳴門,10,5,4050,田口節子,45,岡山,45,A1,7.75,61.32,7.61,61.11,73,18.31,63,28.77,521311
鳴門,10,6,4878,西岡育未,31,徳島,46,B1,4.36,19.77,5.08,28.81,25,31.40,65,36.23,253 42
鳴門,11,1,5195,北村寧々,24,長崎,47,A2,5.21,33.72,4.76,23.53,12,35.90,13,35.06,1 4453       6
鳴門,11,2,4347,魚谷香織,41,福岡,45,A2,6.06,41.57,6.55,54.55,76,29.73,67,34.67,2 1342       5
鳴門,11,3,5189,藤原早菜,25,岡山,45,A2,5.09,28.32,3.29,0.00,74,27.63,71,22.54,53416        2
鳴門,11,4,5153,佐藤ほの,30,東京,46,B1,3.40,10.11,0.00,0.00,10,22.54,37,38.96,4 366        7
鳴門,11,5,4885,大山千広,30,福岡,47,A2,7.17,57.97,0.00,0.00,68,28.00,27,34.25,21131        3
鳴門,11,6,4642,松尾夏海,34,香川,48,A2,7.17,56.20,6.24,42.11,35,29.41,66,43.66,44115        4
鳴門,12,1,5193,米丸乃絵,25,福岡,48,A1,6.99,54.81,6.29,38.24,30,38.67,15,28.77,251 15       8
鳴門,12,2,4627,藤原菜希,40,東京,48,A2,6.56,47.46,6.83,55.56,23,28.00,83,35.90,3 4436       7
鳴門,12,3,4974,安井瑞紀,33,岡山,47,A2,5.27,36.45,5.43,37.25,55,32.89,60,32.00,144211
鳴門,12,4,4733,赤井睦,37,徳島,47,B1,5.42,37.10,5.09,30.67,21,24.29,76,33.78,3 2611       3
鳴門,12,5,5056,西岡成美,30,徳島,46,B2,4.40,24.00,5.59,31.48,60,30.99,61,32.89,5 341        2
鳴門,12,6,4450,平高奈菜,39,香川,47,A2,6.63,47.37,5.94,42.86,38,33.77,39,28.21,13321        6
尼崎,1,1,3643,米田隆弘,54,岡山,54,B1,5.35,29.76,5.37,39.13,20,24.30,50,32.38,356          6
尼崎,1,2,3838,伊藤啓三,51,埼玉,53,B1,5.44,33.33,5.15,30.00,9,43.40,27,17.82,235         11
尼崎,1,3,4308,河村了,42,愛知,52,A1,6.73,46.55,7.14,60.71,12,46.73,33,32.04,4211         8
尼崎,1,4,3577,向所浩二,53,兵庫,59,B1,4.34,17.11,5.04,32.14,5,37.04,48,29.81,5 56
尼崎,1,5,5372,上岡巧汰,23,広島,53,B2,2.08,3.33,3.00,0.00,61,45.37,57,36.54,5 6          5
尼崎,1,6,2878,富山弘幸,68,大阪,54,B1,5.54,31.76,6.17,44.44,55,44.44,58,28.04,253          7
尼崎,2,1,3584,佐々木英,53,広島,54,B1,4.98,33.68,5.12,32.00,58,20.62,51,29.52,552          9
尼崎,2,2,4079,出畑孝典,47,福岡,53,A2,6.06,41.18,5.64,18.18,1,35.24,40,23.76,2 16        12
尼崎,2,3,4750,井上尚悟,39,大阪,52,B1,5.32,34.44,4.60,20.00,53,30.48,22,29.13,265          7
尼崎,2,4,5448,福田柊人,23,山口,50,B2,1.14,0.00,0.00,0.00,29,27.18,44,43.27,6 5          6
尼崎,2,5,5089,前田翔,26,愛知,52,A1,7.20,57.61,7.50,60.00,54,40.91,25,29.52,1531        10
尼崎,2,6,3731,高濱芳久,53,広島,54,B1,4.76,25.30,4.35,25.58,60,27.72,12,32.35,364          8
尼崎,3,1,4515,藤田浩人,40,佐賀,54,A2,5.53,33.88,5.36,36.36,23,54.81,17,20.00,343         10
尼崎,3,2,4247,齊藤優,44,徳島,55,B1,5.30,32.56,4.38,18.00,14,27.55,34,43.12,152         12
尼崎,3,3,3870,寺嶋雄,50,福井,52,B1,4.19,18.95,4.16,13.64,10,33.03,46,37.37,6 66
尼崎,3,4,3663,木山和幸,56,広島,50,B1,5.38,35.05,4.57,21.43,43,15.73,28,25.49,423         11
尼崎,3,5,4036,金田諭,47,埼玉,52,A1,6.37,44.23,6.30,50.00,21,19.81,69,25.74,4146         7
尼崎,3,6,4049,荒川健太,45,三重,57,A2,6.16,41.44,5.03,34.38,46,30.77,19,40.57,515          9
尼崎,4,1,5307,富永夏哉,23,佐賀,51,B1,4.50,27.66,0.00,0.00,36,36.45,66,27.72,353
尼崎,4,2,4567,上村慎太,38,山口,49,B1,4.38,17.07,3.83,33.33,22,21.65,45,37.86,6 36
尼崎,4,3,3853,岩崎正哉,54,福岡,53,A2,5.90,38.10,6.35,45.16,19,26.04,35,36.79,4 44         8
尼崎,4,4,4297,山田哲也,43,東京,51,A1,6.30,45.10,6.69,51.72,17,39.81,41,34.74,3421        12
尼崎,4,5,4152,深水慎一,46,東京,52,A2,5.27,38.04,5.82,47.06,24,29.63,68,24.73,4 13         9
尼崎,4,6,4039,村上功祐,47,大阪,57,B1,5.84,44.23,5.26,30.43,27,23.40,26,48.57,4 22        10
尼崎,5,1,5339,石井伸長,26,香川,50,B1,4.88,31.94,7.71,71.43,16,42.86,60,31.37,123         11
尼崎,5,2,4184,渡邊雄一,40,大阪,52,A1,7.20,57.78,6.52,42.62,63,43.81,23,32.08,1312         9
尼崎,5,3,4729,佐藤謙史,37,福岡,55,B1,4.45,23.08,3.43,14.29,31,31.48,75,39.00,4 25
尼崎,5,4,5372,上岡巧汰,23,広島,53,B2,2.08,3.33,3.00,0.00,61,45.37,57,36.54,5 6          1
尼崎,5,5,3574,大神康司,54,福岡,54,A1,6.19,47.06,4.56,31.25,47,22.55,11,29.41,1334        10
尼崎,5,6,4608,荒井翔伍,36,東京,56,A2,5.99,41.91,7.43,71.43,62,26.53,67,25.96,142         12
尼崎,6,1,3975,小野寺智,49,香川,51,A2,5.47,34.26,6.13,35.90,42,17.92,53,30.39,6 33        12
尼崎,6,2,5328,井上慧人,22,福岡,54,B1,4.10,18.39,0.00,0.00,30,25.77,24,26.92,3 13
尼崎,6,3,4176,樋口喜彦,43,兵庫,53,B2,3.35,15.79,4.21,17.46,26,39.81,15,32.04,5 45
尼崎,6,4,3984,坂口周,48,三重,54,A1,6.27,40.16,6.66,51.43,59,20.00,54,33.96,4642        11
尼崎,6,5,3643,米田隆弘,54,岡山,54,B1,5.35,29.76,5.37,39.13,20,24.30,50,32.38,356          1
尼崎,6,6,5448,福田柊人,23,山口,50,B2,1.14,0.00,0.00,0.00,29,27.18,44,43.27,6 5          2
尼崎,7,1,4121,富永修一,44,福岡,53,A2,5.87,42.17,6.00,36.84,28,25.77,49,36.45,262         11
尼崎,7,2,2878,富山弘幸,68,大阪,54,B1,5.54,31.76,6.17,44.44,55,44.44,58,28.04,253          1
尼崎,7,3,4036,金田諭,47,埼玉,52,A1,6.37,44.23,6.30,50.00,21,19.81,69,25.74,4146         3
尼崎,7,4,5244,黒田剛,26,福岡,52,B1,3.90,18.06,4.25,12.50,44,36.79,21,46.67,5 44
尼崎,7,5,4002,古結宏,48,兵庫,53,A1,6.50,48.67,7.12,56.17,2,33.64,36,46.32,1114        12
尼崎,7,6,4750,井上尚悟,39,大阪,52,B1,5.32,34.44,4.60,20.00,53,30.48,22,29.13,265          2
尼崎,8,1,3853,岩崎正哉,54,福岡,53,A2,5.90,38.10,6.35,45.16,19,26.04,35,36.79,4 44         4
尼崎,8,2,3731,高濱芳久,53,広島,54,B1,4.76,25.30,4.35,25.58,60,27.72,12,32.35,364          2
尼崎,8,3,3548,室田泰史,56,福井,54,A2,5.13,33.04,4.86,28.57,3,36.36,13,33.33,3254
尼崎,8,4,3581,加木郁,53,山口,54,B1,5.55,37.25,4.81,14.81,33,25.74,32,30.77,3 55
尼崎,8,5,4902,山川雄大,33,兵庫,52,B1,4.26,28.74,4.94,32.76,37,39.09,39,33.33,125
尼崎,8,6,4308,河村了,42,愛知,52,A1,6.73,46.55,7.14,60.71,12,46.73,33,32.04,4211         1
尼崎,9,1,4251,川崎誠志,43,山口,53,B1,4.60,23.66,4.39,15.15,4,49.52,55,38.68,6 12
尼崎,9,2,4152,深水慎一,46,東京,52,A2,5.27,38.04,5.82,47.06,24,29.63,68,24.73,4 13         4
尼崎,9,3,4049,荒川健太,45,三重,57,A2,6.16,41.44,5.03,34.38,46,30.77,19,40.57,515          3
尼崎,9,4,3860,松本浩貴,53,埼玉,52,B1,3.60,13.58,4.11,22.22,40,43.81,61,30.19,636
尼崎,9,5,3584,佐々木英,53,広島,54,B1,4.98,33.68,5.12,32.00,58,20.62,51,29.52,552          2
尼崎,9,6,4184,渡邊雄一,40,大阪,52,A1,7.20,57.78,6.52,42.62,63,43.81,23,32.08,1312         5
尼崎,10,1,3574,大神康司,54,福岡,54,A1,6.19,47.06,4.56,31.25,47,22.55,11,29.41,1334         5
尼崎,10,2,4172,森定晃史,43,岡山,52,A2,5.94,38.74,6.70,60.00,41,17.44,59,38.83,4641
尼崎,10,3,5089,前田翔,26,愛知,52,A1,7.20,57.61,7.50,60.00,54,40.91,25,29.52,1531         2
尼崎,10,4,4039,村上功祐,47,大阪,57,B1,5.84,44.23,5.26,30.43,27,23.40,26,48.57,4 22         4
尼崎,10,5,4515,藤田浩人,40,佐賀,54,A2,5.53,33.88,5.36,36.36,23,54.81,17,20.00,343          3
尼崎,10,6,4672,守屋大地,40,岡山,52,B1,4.44,27.84,3.79,14.29,39,47.62,52,26.73,2 26
尼崎,11,1,3984,坂口周,48,三重,54,A1,6.27,40.16,6.66,51.43,59,20.00,54,33.96,4642         6
尼崎,11,2,3663,木山和幸,56,広島,50,B1,5.38,35.05,4.57,21.43,43,15.73,28,25.49,423          3
尼崎,11,3,4121,富永修一,44,福岡,53,A2,5.87,42.17,6.00,36.84,28,25.77,49,36.45,262          7
尼崎,11,4,3838,伊藤啓三,51,埼玉,53,B1,5.44,33.33,5.15,30.00,9,43.40,27,17.82,235          1
尼崎,11,5,5339,石井伸長,26,香川,50,B1,4.88,31.94,7.71,71.43,16,42.86,60,31.37,123          5
尼崎,11,6,4042,丸岡正典,47,大阪,53,A2,6.85,47.83,5.79,28.57,51,27.10,63,25.47,2115
尼崎,12,1,4297,山田哲也,43,東京,51,A1,6.30,45.10,6.69,51.72,17,39.81,41,34.74,3421         4
尼崎,12,2,4002,古結宏,48,兵庫,53,A1,6.50,48.67,7.12,56.17,2,33.64,36,46.32,1114         7
尼崎,12,3,4608,荒井翔伍,36,東京,56,A2,5.99,41.91,7.43,71.43,62,26.53,67,25.96,142          5
尼崎,12,4,3975,小野寺智,49,香川,51,A2,5.47,34.26,6.13,35.90,42,17.92,53,30.39,6 33         6
尼崎,12,5,4247,齊藤優,44,徳島,55,B1,5.30,32.56,4.38,18.00,14,27.55,34,43.12,152          3
尼崎,12,6,4079,出畑孝典,47,福岡,53,A2,6.06,41.18,5.64,18.18,1,35.24,40,23.76,2 16         2
びわこ,1,1,5157,市川健太,28,滋賀,55,B1,4.24,27.08,4.70,23.50,41,35.56,25,40.43,231 325314  10
びわこ,1,2,5177,松井貫太,30,福岡,51,B1,4.49,20.72,2.87,8.70,58,27.27,67,22.62,5 446 244    5
びわこ,1,3,5329,金子龍斗,22,兵庫,51,B1,4.64,28.81,4.04,28.00,54,31.11,53,38.95,2 65536 2    7
びわこ,1,4,5290,坂本一真,25,東京,53,B1,3.04,9.26,1.17,0.00,13,44.79,52,45.92,1 55522 52
びわこ,1,5,5421,原田朱理,24,兵庫,52,B2,1.43,1.96,1.22,0.00,23,30.77,22,36.56,6 666 666    6
びわこ,1,6,5343,小林礼央,23,広島,52,B1,4.13,19.78,2.20,8.00,27,27.63,26,34.38,5 342 354    6
びわこ,2,1,5152,丸山祐也,31,福岡,49,B1,3.07,2.74,3.33,0.00,68,30.00,18,34.83,445 4 654
びわこ,2,2,5167,小川竜太,26,埼玉,52,B1,5.39,34.72,4.79,31.58,62,22.83,33,30.00,3 562 2235  11
びわこ,2,3,5216,長谷川晴,26,群馬,55,A1,5.91,39.34,5.17,36.67,48,32.26,56,22.22,311 141423  10
びわこ,2,4,5179,藤本元輝,29,兵庫,52,B1,4.81,31.91,4.43,25.00,30,28.41,47,40.63,523 554 5    7
びわこ,2,5,5379,廣部大明,22,滋賀,52,B1,3.34,10.96,2.50,5.88,17,28.41,36,28.57,5 466 455    7
びわこ,2,6,5247,大森翼,24,兵庫,52,B1,4.42,17.48,2.56,5.56,35,25.26,63,22.47,5F3 6 4 6
びわこ,3,1,5134,大原祥昌,27,広島,53,A2,5.61,39.36,3.33,0.00,33,41.30,54,36.54,4 62141433  11
びわこ,3,2,5354,渡邊雄斗,21,三重,51,B1,4.29,23.08,2.52,11.11,24,22.58,61,37.50,232 253636  10
びわこ,3,3,5226,藤田俊祐,24,東京,53,B1,5.80,36.67,6.43,50.00,72,45.45,66,30.85,1 53435 61   8
びわこ,3,4,5246,楠将太郎,24,埼玉,52,A2,5.07,34.67,3.17,16.67,73,29.11,38,47.06,5 15S66 6    9
びわこ,3,5,5460,早川理稀,20,滋賀,54,B2,1.56,0.00,1.29,0.00,65,31.25,44,38.38,166 666 6    7
びわこ,3,6,5268,山本幸也,25,福岡,57,B1,3.87,16.67,4.67,16.67,46,33.72,32,31.11,6 541 616    7
びわこ,4,1,5136,濱野斗馬,26,香川,55,A1,6.13,47.58,6.50,46.00,61,40.66,64,29.07,42412 1424  10
びわこ,4,2,5154,村松栄太,30,広島,53,B1,4.49,24.74,4.25,12.50,57,46.46,72,34.44,3 42144516  11
びわこ,4,3,5275,松田淳平,24,三重,53,A1,6.60,51.52,4.27,20.45,19,37.36,57,29.21,454 433 2    9
びわこ,4,4,5368,宮崎心之,24,埼玉,52,B1,6.65,50.65,1.75,0.00,26,37.74,40,25.58,2 365 124    8
びわこ,4,5,5238,笹木香吾,26,山口,55,A2,5.98,46.99,5.38,37.93,53,27.47,69,39.60,12232 263    8
びわこ,4,6,5377,鳥居塚嶺,22,群馬,50,B1,4.97,29.49,0.00,0.00,36,29.47,17,42.53,F 3 6 4 44
びわこ,5,1,5106,山崎祥,27,山口,52,A2,5.49,34.83,5.48,43.48,64,29.55,24,40.00,31142 2345  10
びわこ,5,2,5186,遠藤圭吾,26,東京,53,B1,4.51,27.37,4.73,27.27,49,38.10,28,9.09,6 455 126    9
びわこ,5,3,5221,竹間隆晟,25,大阪,54,A1,6.70,50.51,6.20,43.33,18,46.81,48,17.95,1352411 23  11
びわこ,5,4,5177,松井貫太,30,福岡,51,B1,4.49,20.72,2.87,8.70,58,27.27,67,22.62,5 446 244    1
びわこ,5,5,5376,吉田一心,22,大阪,51,B1,5.67,42.06,1.40,0.00,32,37.08,46,41.18,351 651 35   9
びわこ,5,6,5273,山下拓巳,25,兵庫,52,B1,3.80,20.22,2.98,9.52,63,31.52,16,23.08,66F 5 5 5
びわこ,6,1,5060,数原魁,29,兵庫,52,A2,5.85,40.21,5.82,35.29,22,27.06,60,32.97,631 243315  11
びわこ,6,2,5234,塚越海斗,28,群馬,54,A1,6.72,54.31,5.88,37.50,45,42.11,65,27.59,264 426216  10
びわこ,6,3,5343,小林礼央,23,広島,52,B1,4.13,19.78,2.20,8.00,27,27.63,26,34.38,5 342 354    1
びわこ,6,4,5303,土井歩夢,23,福岡,53,A2,5.98,38.00,5.57,25.00,34,32.22,23,31.52,34641 5 25
びわこ,6,5,5421,原田朱理,24,兵庫,52,B2,1.43,1.96,1.22,0.00,23,30.77,22,36.56,6 666 666    1
びわこ,6,6,5210,藤井公人,27,福岡,55,A2,5.69,40.21,3.67,5.56,20,34.07,11,41.41,5F3 3 4 3
びわこ,7,1,5298,水谷理人,24,香川,52,A1,7.21,57.26,5.70,40.00,52,36.17,43,44.09,452 312214  11
びわこ,7,2,5379,廣部大明,22,滋賀,52,B1,3.34,10.96,2.50,5.88,17,28.41,36,28.57,5 466 455    2
びわこ,7,3,5268,山本幸也,25,福岡,57,B1,3.87,16.67,4.67,16.67,46,33.72,32,31.11,6 541 616    3
びわこ,7,4,5329,金子龍斗,22,兵庫,51,B1,4.64,28.81,4.04,28.00,54,31.11,53,38.95,2 65536 2    1
びわこ,7,5,5460,早川理稀,20,滋賀,54,B2,1.56,0.00,1.29,0.00,65,31.25,44,38.38,166 666 6    3
びわこ,7,6,5179,藤本元輝,29,兵庫,52,B1,4.81,31.91,4.43,25.00,30,28.41,47,40.63,523 554 5    2
びわこ,8,1,5368,宮崎心之,24,埼玉,52,B1,6.65,50.65,1.75,0.00,26,37.74,40,25.58,2 365 124    4
びわこ,8,2,5276,大島隆乃,24,福岡,52,B1,4.86,24.14,3.19,6.25,51,31.11,51,29.07,262 354 43
びわこ,8,3,5238,笹木香吾,26,山口,55,A2,5.98,46.99,5.38,37.93,53,27.47,69,39.60,12232 263    4
びわこ,8,4,5199,垂水悠,24,徳島,57,B1,4.83,31.82,3.88,5.88,38,31.18,50,32.61,346 356 56
びわこ,8,5,5226,藤田俊祐,24,東京,53,B1,5.80,36.67,6.43,50.00,72,45.45,66,30.85,1 53435 61   3
びわこ,8,6,5010,宇留田翔,29,三重,55,A2,5.75,39.81,5.59,38.46,29,43.48,49,42.39,5F3 5 5 5
びわこ,9,1,5376,吉田一心,22,大阪,51,B1,5.67,42.06,1.40,0.00,32,37.08,46,41.18,351 651 35   5
びわこ,9,2,5246,楠将太郎,24,埼玉,52,A2,5.07,34.67,3.17,16.67,73,29.11,38,47.06,5 15S66 6    3
びわこ,9,3,5186,遠藤圭吾,26,東京,53,B1,4.51,27.37,4.73,27.27,49,38.10,28,9.09,6 455 126    5
びわこ,9,4,5275,松田淳平,24,三重,53,A1,6.60,51.52,4.27,20.45,19,37.36,57,29.21,454 433 2    4
びわこ,9,5,5388,佐野優都,19,徳島,51,B1,3.22,10.20,0.00,0.00,60,13.95,20,46.24,4 33263 46
びわこ,9,6,5130,上野拓馬,28,三重,53,B1,4.75,22.11,3.37,15.79,44,34.09,73,20.78,6 22445 53
びわこ,10,1,5216,長谷川晴,26,群馬,55,A1,5.91,39.34,5.17,36.67,48,32.26,56,22.22,311 141423   2
びわこ,10,2,5136,濱野斗馬,26,香川,55,A1,6.13,47.58,6.50,46.00,61,40.66,64,29.07,42412 1424   4
びわこ,10,3,5157,市川健太,28,滋賀,55,B1,4.24,27.08,4.70,23.50,41,35.56,25,40.43,231 325314   1
びわこ,10,4,5106,山崎祥,27,山口,52,A2,5.49,34.83,5.48,43.48,64,29.55,24,40.00,31142 2345   5
びわこ,10,5,5354,渡邊雄斗,21,三重,51,B1,4.29,23.08,2.52,11.11,24,22.58,61,37.50,232 253636   3
びわこ,10,6,5234,塚越海斗,28,群馬,54,A1,6.72,54.31,5.88,37.50,45,42.11,65,27.59,264 426216   6
びわこ,11,1,5221,竹間隆晟,25,大阪,54,A1,6.70,50.51,6.20,43.33,18,46.81,48,17.95,1352411 23   5
びわこ,11,2,5134,大原祥昌,27,広島,53,A2,5.61,39.36,3.33,0.00,33,41.30,54,36.54,4 62141433   3
びわこ,11,3,5298,水谷理人,24,香川,52,A1,7.21,57.26,5.70,40.00,52,36.17,43,44.09,452 312214   7
びわこ,11,4,5060,数原魁,29,兵庫,52,A2,5.85,40.21,5.82,35.29,22,27.06,60,32.97,631 243315   6
びわこ,11,5,5167,小川竜太,26,埼玉,52,B1,5.39,34.72,4.79,31.58,62,22.83,33,30.00,3 562 2235   2
びわこ,11,6,5154,村松栄太,30,広島,53,B1,4.49,24.74,4.25,12.50,57,46.46,72,34.44,3 42144516   4
びわこ,12,1,5018,竹下大樹,27,福岡,55,A1,6.87,51.56,6.30,40.00,66,23.40,62,33.70,14111 1111
びわこ,12,2,5280,廣瀬凜,23,滋賀,51,A1,6.93,52.07,5.74,35.52,11,45.45,19,26.88,1112213 31
びわこ,12,3,5255,藤原仙二,22,滋賀,53,A1,6.56,47.00,6.39,44.78,15,25.56,59,32.63,2 23314121
びわこ,12,4,5222,津田陸翔,25,広島,52,A1,6.17,46.36,4.20,10.00,37,33.71,31,39.36,1 15135122
びわこ,12,5,5212,西川拓利,27,福岡,55,A2,6.29,45.71,3.17,8.33,21,39.13,30,23.26,2 12462312
びわこ,12,6,5135,仲航太,26,東京,54,B1,5.70,43.75,6.00,45.45,47,34.00,15,41.38,215 333312
多摩川,1,1,2538,高橋二朗,77,東京,52,B1,3.27,5.56,3.76,12.86,16,23.71,23,30.21,
多摩川,1,2,5103,芝田京介,28,埼玉,53,B2,4.04,26.00,2.65,5.00,34,30.85,28,26.51,
多摩川,1,3,3990,芹澤克彦,47,静岡,52,B1,5.07,28.28,3.38,12.50,58,34.57,73,26.51,6
多摩川,1,4,4656,大崎翔,39,兵庫,57,A2,4.84,31.18,5.34,34.29,22,21.43,22,30.88,7
多摩川,1,5,4420,津久井拓,38,群馬,55,A2,5.77,39.50,5.09,28.57,30,30.26,54,28.89,10
多摩川,1,6,3934,鋤柄貴俊,49,愛知,54,B1,5.03,23.77,3.94,17.65,64,32.56,68,28.09,8
多摩川,2,1,4619,伏田裕隆,43,東京,52,B1,5.64,41.90,4.92,36.11,63,38.68,58,21.92,11
多摩川,2,2,3772,一柳和孝,52,埼玉,53,B1,4.86,22.78,5.17,30.43,66,35.56,65,19.40,10
多摩川,2,3,4227,安達裕樹,43,三重,52,A2,5.82,32.29,5.53,30.19,52,32.93,47,38.14,9
多摩川,2,4,4565,西村豪洋,38,愛知,54,B1,4.04,14.58,6.17,38.89,73,23.26,72,37.89,
多摩川,2,5,3582,吉川昭男,53,滋賀,54,A2,6.25,47.57,6.67,58.97,50,37.38,52,40.40,7
多摩川,2,6,3740,大澤普司,52,群馬,53,A1,6.08,40.48,5.04,21.74,43,31.91,62,32.29,12
多摩川,3,1,5262,鈴木章司,28,愛知,54,B1,4.03,17.46,3.76,11.76,49,42.59,80,34.83,7
多摩川,3,2,3463,乙津康志,59,東京,52,B1,4.54,24.44,4.79,23.08,39,32.97,57,26.58,10
多摩川,3,3,4430,永田秀二,40,東京,56,A2,5.85,37.50,5.73,39.29,23,32.47,35,30.34,8
多摩川,3,4,4281,大澤大夢,42,埼玉,53,B1,5.27,30.21,4.89,25.40,48,21.05,66,53.54,9
多摩川,3,5,4376,藤田靖弘,42,静岡,53,A2,5.66,41.18,6.30,43.48,29,22.73,26,48.00,11
多摩川,3,6,3997,北村征嗣,47,大阪,54,A1,6.02,38.21,6.10,28.57,62,29.47,24,30.61,12
多摩川,4,1,3848,川上聡介,49,愛知,56,B1,4.46,25.61,4.91,40.00,25,28.41,42,35.63,
多摩川,4,2,3641,一瀬明,55,東京,52,A1,6.03,41.88,6.28,40.79,20,35.05,43,25.61,11
多摩川,4,3,4645,上村純一,46,群馬,54,A1,6.56,45.13,7.03,50.00,26,28.24,81,27.08,12
多摩川,4,4,3507,藤井徹,55,大阪,51,B1,4.30,24.66,4.10,20.00,13,28.87,33,33.00,
多摩川,4,5,4140,梶野学志,45,東京,54,A2,6.08,46.77,5.79,43.90,68,30.00,48,30.95,9
多摩川,4,6,3489,大場敏,59,静岡,53,A2,6.02,45.04,5.55,28.57,65,35.16,84,24.71,10
多摩川,5,1,4031,飯島誠,48,埼玉,53,B1,4.85,28.09,3.76,14.29,31,38.54,56,37.37,
多摩川,5,2,3792,田中豪,53,東京,55,A1,6.07,41.98,6.17,43.90,70,32.56,82,29.90,12
多摩川,5,3,3713,伊藤誠二,51,愛知,54,A1,5.02,35.11,5.74,37.14,59,25.93,59,33.33,10
多摩川,5,4,3977,山本兼士,49,大阪,53,B1,4.30,15.63,4.75,25.00,24,21.69,39,25.97,
多摩川,5,5,4587,木田峰由,35,福井,54,A1,5.77,43.68,5.44,29.63,33,21.59,67,28.57,11
多摩川,5,6,4055,吉田俊彦,48,兵庫,51,A2,6.80,53.79,6.56,47.27,72,28.72,78,30.26,9
多摩川,6,1,4470,平田健之,39,三重,53,A2,6.46,50.00,6.69,50.00,53,32.58,79,39.36,11
多摩川,6,2,3813,佐藤大介,50,愛知,54,A1,6.55,44.90,6.53,52.94,40,31.71,70,25.88,12
多摩川,6,3,3635,石田政吾,55,福井,52,B1,4.86,30.23,3.50,0.00,69,29.11,30,41.84,
多摩川,6,4,5433,米本圭佑,21,東京,52,B2,2.16,2.99,1.17,0.00,21,37.21,25,34.44,
多摩川,6,5,3965,北中元樹,47,滋賀,55,A1,5.82,40.35,6.23,50.00,19,33.73,29,43.62,10
多摩川,6,6,3990,芹澤克彦,47,静岡,52,B1,5.07,28.28,3.38,12.50,58,34.57,73,26.51,1
多摩川,7,1,4656,大崎翔,39,兵庫,57,A2,4.84,31.18,5.34,34.29,22,21.43,22,30.88,1
多摩川,7,2,4491,田中堅,39,群馬,51,B1,4.32,24.47,5.21,30.23,15,18.42,41,22.89,
多摩川,7,3,4465,大西賢,40,東京,52,B1,4.71,21.54,3.78,12.20,51,35.64,71,25.00,
多摩川,7,4,5262,鈴木章司,28,愛知,54,B1,4.03,17.46,3.76,11.76,49,42.59,80,34.83,3
多摩川,7,5,5042,畑田汰一,27,埼玉,53,A1,6.61,53.19,5.07,22.22,11,34.02,31,30.61,12
多摩川,7,6,3582,吉川昭男,53,滋賀,54,A2,6.25,47.57,6.67,58.97,50,37.38,52,40.40,2
多摩川,8,1,4430,永田秀二,40,東京,56,A2,5.85,37.50,5.73,39.29,23,32.47,35,30.34,3
多摩川,8,2,3647,伊藤雄二,53,埼玉,50,B1,3.33,10.53,3.81,16.13,47,29.07,49,35.11,
多摩川,8,3,4146,柳橋宏紀,44,滋賀,53,A2,4.94,27.96,4.50,12.50,56,34.38,34,21.43,
多摩川,8,4,3934,鋤柄貴俊,49,愛知,54,B1,5.03,23.77,3.94,17.65,64,32.56,68,28.09,1
多摩川,8,5,3947,寺本昇平,50,群馬,48,B1,4.34,20.00,4.40,14.29,35,17.81,69,44.90,
多摩川,8,6,5449,堀井涼平,23,東京,50,B2,1.45,5.26,1.00,0.00,45,37.00,63,23.81,
多摩川,9,1,4140,梶野学志,45,東京,54,A2,6.08,46.77,5.79,43.90,68,30.00,48,30.95,4
多摩川,9,2,4210,松村康太,43,福井,54,A2,5.30,27.52,5.11,26.32,57,48.35,77,39.39,
多摩川,9,3,4055,吉田俊彦,48,兵庫,51,A2,6.80,53.79,6.56,47.27,72,28.72,78,30.26,5
多摩川,9,4,3519,冨田秀幸,58,愛知,53,B1,3.91,16.22,3.98,20.00,60,26.67,50,36.46,
多摩川,9,5,4227,安達裕樹,43,三重,52,A2,5.82,32.29,5.53,30.19,52,32.93,47,38.14,2
多摩川,9,6,4281,大澤大夢,42,埼玉,53,B1,5.27,30.21,4.89,25.40,48,21.05,66,53.54,3
多摩川,10,1,3965,北中元樹,47,滋賀,55,A1,5.82,40.35,6.23,50.00,19,33.73,29,43.62,6
多摩川,10,2,3489,大場敏,59,静岡,53,A2,6.02,45.04,5.55,28.57,65,35.16,84,24.71,4
多摩川,10,3,3463,乙津康志,59,東京,52,B1,4.54,24.44,4.79,23.08,39,32.97,57,26.58,3
多摩川,10,4,4420,津久井拓,38,群馬,55,A2,5.77,39.50,5.09,28.57,30,30.26,54,28.89,1
多摩川,10,5,3713,伊藤誠二,51,愛知,54,A1,5.02,35.11,5.74,37.14,59,25.93,59,33.33,5
多摩川,10,6,3772,一柳和孝,52,埼玉,53,B1,4.86,22.78,5.17,30.43,66,35.56,65,19.40,2
多摩川,11,1,4587,木田峰由,35,福井,54,A1,5.77,43.68,5.44,29.63,33,21.59,67,28.57,5
多摩川,11,2,4035,杉江浩明,47,愛知,51,B1,3.59,21.00,3.29,19.35,38,22.22,44,25.93,
多摩川,11,3,4619,伏田裕隆,43,東京,52,B1,5.64,41.90,4.92,36.11,63,38.68,58,21.92,2
多摩川,11,4,3641,一瀬明,55,東京,52,A1,6.03,41.88,6.28,40.79,20,35.05,43,25.61,4
多摩川,11,5,4470,平田健之,39,三重,53,A2,6.46,50.00,6.69,50.00,53,32.58,79,39.36,6
多摩川,11,6,4376,藤田靖弘,42,静岡,53,A2,5.66,41.18,6.30,43.48,29,22.73,26,48.00,3
多摩川,12,1,3792,田中豪,53,東京,55,A1,6.07,41.98,6.17,43.90,70,32.56,82,29.90,5
多摩川,12,2,5042,畑田汰一,27,埼玉,53,A1,6.61,53.19,5.07,22.22,11,34.02,31,30.61,7
多摩川,12,3,3997,北村征嗣,47,大阪,54,A1,6.02,38.21,6.10,28.57,62,29.47,24,30.61,3
多摩川,12,4,3740,大澤普司,52,群馬,53,A1,6.08,40.48,5.04,21.74,43,31.91,62,32.29,2
多摩川,12,5,3813,佐藤大介,50,愛知,54,A1,6.55,44.90,6.53,52.94,40,31.71,70,25.88,6
多摩川,12,6,4645,上村純一,46,群馬,54,A1,6.56,45.13,7.03,50.00,26,28.24,81,27.08,4
平和島,1,1,5361,植竹玲奈,19,東京,48,B1,2.71,5.71,2.31,4.92,27,37.50,22,31.37,346 1 52     9
平和島,1,2,3551,藤田美代,54,福岡,44,B1,3.85,18.31,3.80,20.00,40,40.74,27,16.00,5 23465
平和島,1,3,4175,川尻泰輔,43,埼玉,55,A2,5.66,43.75,4.84,31.82,35,22.64,56,27.08,262 232     10
平和島,1,4,4882,瀧川千依,30,広島,48,B2,3.24,14.71,4.90,20.00,71,28.81,38,50.00,126 244      7
平和島,1,5,5165,小林愛実,26,岡山,47,B1,4.60,23.17,5.43,26.67,22,16.98,66,26.32,S 465 55
平和島,1,6,3993,永井聖美,47,東京,45,B1,5.49,34.52,5.27,33.33,20,18.37,49,18.03,211 564      8
平和島,2,1,5320,岩崎麗子,25,群馬,48,B1,3.41,14.67,1.14,0.00,70,17.31,12,25.86,3 14454      7
平和島,2,2,4275,菅野はや,43,広島,53,B1,3.37,13.56,0.00,0.00,63,28.33,48,23.08,6 264 26
平和島,2,3,4781,西舘果里,39,東京,50,B2,3.63,22.86,3.89,16.67,45,24.49,31,23.64,4S4 5 55     9
平和島,2,4,4283,石井裕美,42,東京,50,B1,3.82,7.35,3.85,3.70,73,33.33,51,47.69,5 333 34     7
平和島,2,5,4387,平山智加,41,香川,45,A1,6.73,48.67,6.47,50.00,21,42.59,30,33.96,52223 21    10
平和島,2,6,4414,大澤真菜,39,東京,45,B1,3.90,23.88,3.77,28.57,44,14.89,43,33.87,4 622 65
平和島,3,1,3845,中谷朋子,49,兵庫,45,A2,6.15,49.25,4.71,28.57,18,34.62,41,37.04,444 4122    10
平和島,3,2,5003,来田衣織,30,兵庫,47,B1,4.87,34.04,4.28,24.00,32,23.21,16,34.09,2 36123     11
平和島,3,3,4525,真子奈津,38,福岡,47,B1,4.69,27.94,6.09,45.45,28,16.67,40,25.53,1 45343      8
平和島,3,4,4895,門間雄大,35,東京,55,A2,4.82,22.73,5.25,23.94,56,17.65,23,38.46,433 131     12
平和島,3,5,4090,中村尊,45,埼玉,54,B2,6.07,45.71,7.08,50.00,48,29.31,54,36.51,131 243     10
平和島,3,6,4854,大橋由珠,31,東京,43,B2,3.94,19.15,4.76,23.53,60,50.00,11,29.63,432 F34
平和島,4,1,5314,中曽瑠華,25,東京,52,B1,3.11,10.13,1.71,2.38,34,39.29,44,32.76,3 555 35
平和島,4,2,4927,関野文,32,大阪,44,A2,6.08,42.45,5.72,44.83,13,30.36,47,36.73,5551222     10
平和島,4,3,4501,樋口由加,38,岡山,45,B1,5.09,32.61,5.53,31.58,17,26.67,20,34.55,214 154     11
平和島,4,4,5213,湯淺紀香,27,群馬,46,B1,5.26,36.19,6.20,40.00,54,20.41,57,52.63,525 3 23     9
平和島,4,5,4690,高石梨菜,32,東京,48,B2,5.18,31.11,5.79,37.10,37,37.10,33,32.20,1 51125     12
平和島,4,6,5357,田中瀬里,21,埼玉,55,B2,1.57,0.00,1.38,0.00,67,18.52,29,32.56,656 4 66
平和島,5,1,4536,喜井つか,36,岡山,47,A2,5.81,40.38,5.91,27.27,53,28.89,45,36.67,1 444232    11
平和島,5,2,5253,藤井太雅,23,東京,54,B2,3.36,6.90,3.51,16.48,69,28.85,24,44.44,3 335 11    12
平和島,5,3,5370,日隈茜,24,福岡,47,B2,1.27,2.22,0.00,0.00,49,25.49,50,24.59,646 6 66
平和島,5,4,4998,中村かな,33,東京,49,B2,4.71,31.75,4.59,22.73,15,30.61,17,38.00,4 12531     10
平和島,5,5,4478,櫻本あゆ,38,群馬,49,A1,5.95,41.67,6.35,48.15,74,33.96,32,36.07,16412 24    11
平和島,5,6,4874,池田奈津,32,福岡,52,B1,4.99,27.16,5.80,60.00,55,23.64,15,19.61,5 5F6 3
平和島,6,1,4893,渡邉真奈,35,東京,47,B1,5.16,34.09,4.98,32.08,29,44.44,39,29.63,233 343     12
平和島,6,2,5164,森田梨湖,26,福岡,48,B2,2.60,0.00,2.13,0.00,52,28.57,58,18.87,5 32366
平和島,6,3,4844,村上奈穂,33,広島,51,B1,3.91,17.39,4.50,25.00,43,42.59,37,23.73,5 536 43
平和島,6,4,4791,黒澤めぐ,36,東京,48,B1,5.88,37.38,5.90,43.33,66,29.09,14,40.43,445 1 11    11
平和島,6,5,4847,佐藤隆太,32,東京,53,A1,6.85,46.96,7.71,62.50,26,31.03,55,36.23,13111 21    11
平和島,6,6,5454,谷島咲希,20,埼玉,48,B2,1.57,1.96,0.00,0.00,65,32.79,18,35.56,6 6 S656
平和島,7,1,4882,瀧川千依,30,広島,48,B2,3.24,14.71,4.90,20.00,71,28.81,38,50.00,126 244      1
平和島,7,2,4941,孫崎百世,37,滋賀,44,B1,4.61,27.78,4.40,13.33,31,31.25,34,29.17,362 4 46
平和島,7,3,4730,土屋実沙,37,静岡,47,B1,5.38,32.10,3.89,33.33,16,46.03,52,40.98,214 154     12
平和島,7,4,5320,岩崎麗子,25,群馬,48,B1,3.41,14.67,1.14,0.00,70,17.31,12,25.86,3 14454      2
平和島,7,5,4266,長田頼宗,41,東京,54,A1,7.24,50.00,7.13,55.95,23,42.59,21,13.64,111 2111    12
平和島,7,6,4283,石井裕美,42,東京,50,B1,3.82,7.35,3.85,3.70,73,33.33,51,47.69,5 333 34     2
平和島,8,1,4525,真子奈津,38,福岡,47,B1,4.69,27.94,6.09,45.45,28,16.67,40,25.53,1 45343      3
平和島,8,2,5310,土屋蘭,21,岡山,46,B1,4.62,16.90,1.87,0.00,57,23.91,36,30.43,S 323 53
平和島,8,3,3993,永井聖美,47,東京,45,B1,5.49,34.52,5.27,33.33,20,18.37,49,18.03,211 564      1
平和島,8,4,4240,今井裕梨,42,群馬,44,A2,5.50,33.98,6.17,45.71,39,12.50,25,53.85,525 5541
平和島,8,5,5264,登みひ果,26,兵庫,44,B1,5.13,31.46,6.00,42.86,72,23.53,73,30.23,361 5S6
平和島,8,6,5201,村上宗太,23,東京,52,B2,5.35,31.33,5.57,37.04,33,36.84,53,47.46,4 1F6 3
平和島,9,1,5213,湯淺紀香,27,群馬,46,B1,5.26,36.19,6.20,40.00,54,20.41,57,52.63,525 3 23     4
平和島,9,2,4186,小川時光,45,埼玉,56,B1,3.74,18.39,3.15,12.12,47,25.86,35,45.16,2 654 15
平和島,9,3,4065,金田幸子,46,岡山,43,B1,5.16,35.14,0.00,0.00,64,30.19,26,35.85,6 641 64
平和島,9,4,5361,植竹玲奈,19,東京,48,B1,2.71,5.71,2.31,4.92,27,37.50,22,31.37,346 1 52     1
平和島,9,5,4289,落合直子,41,大阪,49,A2,5.80,38.27,4.58,25.00,59,21.28,19,26.92,6 233162
平和島,9,6,4781,西舘果里,39,東京,50,B2,3.63,22.86,3.89,16.67,45,24.49,31,23.64,4S4 5 55     2
平和島,10,1,4387,平山智加,41,香川,45,A1,6.73,48.67,6.47,50.00,21,42.59,30,33.96,52223 21     2
平和島,10,2,4090,中村尊,45,埼玉,54,B2,6.07,45.71,7.08,50.00,48,29.31,54,36.51,131 243      3
平和島,10,3,4998,中村かな,33,東京,49,B2,4.71,31.75,4.59,22.73,15,30.61,17,38.00,4 12531      5
平和島,10,4,4175,川尻泰輔,43,埼玉,55,A2,5.66,43.75,4.84,31.82,35,22.64,56,27.08,262 232      1
平和島,10,5,4927,関野文,32,大阪,44,A2,6.08,42.45,5.72,44.83,13,30.36,47,36.73,5551222      4
平和島,10,6,3845,中谷朋子,49,兵庫,45,A2,6.15,49.25,4.71,28.57,18,34.62,41,37.04,444 4122     3
平和島,11,1,4847,佐藤隆太,32,東京,53,A1,6.85,46.96,7.71,62.50,26,31.03,55,36.23,13111 21     6
平和島,11,2,4478,櫻本あゆ,38,群馬,49,A1,5.95,41.67,6.35,48.15,74,33.96,32,36.07,16412 24     5
平和島,11,3,4791,黒澤めぐ,36,東京,48,B1,5.88,37.38,5.90,43.33,66,29.09,14,40.43,445 1 11     6
平和島,11,4,4501,樋口由加,38,岡山,45,B1,5.09,32.61,5.53,31.58,17,26.67,20,34.55,214 154      4
平和島,11,5,5003,来田衣織,30,兵庫,47,B1,4.87,34.04,4.28,24.00,32,23.21,16,34.09,2 36123      3
平和島,11,6,4536,喜井つか,36,岡山,47,A2,5.81,40.38,5.91,27.27,53,28.89,45,36.67,1 444232     5
平和島,12,1,4266,長田頼宗,41,東京,54,A1,7.24,50.00,7.13,55.95,23,42.59,21,13.64,111 2111     7
平和島,12,2,4690,高石梨菜,32,東京,48,B2,5.18,31.11,5.79,37.10,37,37.10,33,32.20,1 51125      4
平和島,12,3,4895,門間雄大,35,東京,55,A2,4.82,22.73,5.25,23.94,56,17.65,23,38.46,433 131      3
平和島,12,4,4730,土屋実沙,37,静岡,47,B1,5.38,32.10,3.89,33.33,16,46.03,52,40.98,214 154      7
平和島,12,5,5253,藤井太雅,23,東京,54,B2,3.36,6.90,3.51,16.48,69,28.85,24,44.44,3 335 11     5
平和島,12,6,4893,渡邉真奈,35,東京,47,B1,5.16,34.09,4.98,32.08,29,44.44,39,29.63,233 343      6
江戸川,1,1,5279,石渡翔一,23,東京,54,B1,5.89,40.00,5.54,38.43,18,30.16,52,32.76,1 224 55
江戸川,1,2,4004,山本浩輔,48,長崎,52,B1,4.89,28.00,6.29,57.14,35,31.75,17,37.10,115 455      7
江戸川,1,3,4407,鹿島敏弘,40,群馬,59,B1,4.66,24.51,5.35,33.33,45,30.65,29,44.07,634 364      9
江戸川,1,4,5053,山口広樹,30,福岡,55,B1,3.80,19.70,5.03,33.33,10,38.71,26,38.33,5 552 S6
江戸川,1,5,3857,阿波勝哉,53,東京,56,B1,4.80,27.38,4.43,28.57,30,52.46,61,43.10,544 261     10
江戸川,1,6,4583,古田祐貴,37,香川,52,B1,5.56,36.46,6.04,40.26,43,36.21,56,40.32,3F3 352      6
江戸川,2,1,4142,平野和明,45,愛知,55,A2,5.63,34.65,5.86,38.64,64,45.16,27,59.68,3 343 25
江戸川,2,2,4427,秦英悟,40,大阪,53,A1,7.27,59.29,7.33,60.00,40,16.13,21,30.16,342 422     11
江戸川,2,3,5138,村本大成,26,福岡,53,B1,3.73,12.70,4.00,7.69,37,41.38,63,37.50,613 144      7
江戸川,2,4,5120,山本稔太,25,愛知,56,B1,4.63,26.67,5.00,47.06,33,31.75,25,30.36,352 166      9
江戸川,2,5,3303,渡辺豊,58,東京,55,B1,4.35,18.69,6.28,43.95,11,19.67,37,29.82,4 262 64
江戸川,2,6,5427,港理樹,24,東京,53,B1,3.05,6.02,3.06,5.56,16,37.10,47,36.92,5 345 66
江戸川,3,1,4888,金児隆太,38,群馬,52,B1,6.01,44.87,5.31,31.25,17,31.75,71,35.94,1 242 16    12
江戸川,3,2,5071,野見山拓,32,福岡,53,B1,4.33,20.29,5.25,30.56,32,39.34,10,44.26,561 334     10
江戸川,3,3,4623,中北将史,41,三重,53,B1,5.01,34.65,4.24,19.51,52,40.32,48,27.87,12S 331      9
江戸川,3,4,3859,多羅尾達,53,東京,52,B1,3.99,20.73,0.00,0.00,61,29.69,43,36.84,625 2554
江戸川,3,5,4471,新田泰章,39,広島,53,A1,6.36,47.24,6.82,51.52,49,36.07,67,33.33,522 111     11
江戸川,3,6,3685,荒井輝年,52,岡山,59,A2,6.28,47.44,5.65,41.27,66,25.81,69,21.88,F 645 35     8
江戸川,4,1,3944,山口裕二,47,長崎,54,A1,6.03,40.00,5.89,44.44,58,22.03,19,36.07,215 5212    11
江戸川,4,2,4896,花本剛,34,山口,58,B1,4.15,23.53,3.69,9.38,12,38.71,50,26.23,3 164 43
江戸川,4,3,4173,岡谷健吾,43,広島,57,B1,5.39,33.67,0.00,0.00,51,27.69,70,25.40,666 551      9
江戸川,4,4,4257,古川健,42,広島,52,B1,5.22,34.62,5.00,34.04,34,50.00,65,24.56,451 463      8
江戸川,4,5,4189,川上剛,45,福岡,55,A1,5.63,32.43,5.88,37.50,28,38.60,11,17.24,1 1435S     10
江戸川,4,6,3256,三角哲男,59,東京,52,A1,6.56,50.91,6.60,50.88,56,45.16,68,23.33,351 2121    12
江戸川,5,1,3664,鈴木賢一,56,埼玉,56,B1,4.50,29.41,0.00,0.00,65,43.33,12,31.67,4 441 31
江戸川,5,2,4452,松尾祭,38,香川,53,A2,5.17,33.94,6.43,46.94,69,40.68,62,30.00,3 323 22    12
江戸川,5,3,4258,関根彰人,42,埼玉,52,B1,4.85,32.94,5.60,38.75,29,19.67,38,26.32,556 145     10
江戸川,5,4,4438,森作雄大,40,東京,53,B1,5.26,38.74,5.28,35.05,67,22.95,57,25.42,3 411 14    11
江戸川,5,5,4179,広次修,43,山口,52,A2,5.23,27.78,5.48,43.48,47,23.21,24,32.81,445 653      9
江戸川,5,6,3839,川合理司,51,静岡,65,B1,2.98,9.64,4.84,27.50,27,36.84,46,35.71,F 65665
江戸川,6,1,3850,小川知行,54,群馬,53,B1,4.30,22.92,4.70,24.69,62,47.46,16,46.03,413 3413
江戸川,6,2,4640,山ノ内雅,35,福岡,54,A2,5.84,37.19,7.00,50.00,22,32.20,35,26.98,6 251 45
江戸川,6,3,4981,牧山敦也,30,佐賀,52,B1,5.22,26.67,5.39,31.71,14,15.87,13,42.19,2 316 43
江戸川,6,4,4598,加藤政彦,42,東京,53,B1,6.09,47.66,6.45,48.92,71,43.55,39,45.90,1 512 21    12
江戸川,6,5,4583,古田祐貴,37,香川,52,B1,5.56,36.46,6.04,40.26,43,36.21,56,40.32,3F3 352      1
江戸川,6,6,4418,茅原悠紀,39,岡山,54,A1,7.49,50.91,7.63,56.25,48,22.41,15,24.14,262 121     11
江戸川,7,1,5138,村本大成,26,福岡,53,B1,3.73,12.70,4.00,7.69,37,41.38,63,37.50,613 144      2
江戸川,7,2,4880,澤崎雄哉,31,東京,52,B1,5.39,34.09,5.60,35.29,59,35.94,40,38.10,223 6353
江戸川,7,3,4661,中島昂章,34,佐賀,52,A2,5.54,36.07,6.80,40.00,50,15.52,22,26.15,122 154     11
江戸川,7,4,4004,山本浩輔,48,長崎,52,B1,4.89,28.00,6.29,57.14,35,31.75,17,37.10,115 455      1
江戸川,7,5,4604,岩瀬裕亮,38,愛知,53,A1,7.37,53.33,7.35,42.50,13,40.98,60,35.94,1 114 32    12
江戸川,7,6,3931,黒崎竜也,50,三重,51,A2,6.27,42.00,5.07,33.33,20,40.35,66,29.31,4 331 F3
江戸川,8,1,5098,大江純,30,愛知,52,B1,5.09,33.70,3.50,12.50,24,31.75,14,27.59,2 43623
江戸川,8,2,4257,古川健,42,広島,52,B1,5.22,34.62,5.00,34.04,34,50.00,65,24.56,451 463      4
江戸川,8,3,4000,松本博昭,49,広島,56,A2,5.99,40.77,5.38,33.33,38,28.57,49,40.35,221 432     12
江戸川,8,4,3655,本橋克洋,52,群馬,55,B1,4.78,22.73,6.38,45.28,23,37.70,64,46.55,4 564 26
江戸川,8,5,3685,荒井輝年,52,岡山,59,A2,6.28,47.44,5.65,41.27,66,25.81,69,21.88,F 645 35     3
江戸川,8,6,5378,鈴木結平,22,静岡,51,B2,1.67,0.00,1.43,0.00,68,37.70,33,28.57,6 616 65
江戸川,9,1,4623,中北将史,41,三重,53,B1,5.01,34.65,4.24,19.51,52,40.32,48,27.87,12S 331      3
江戸川,9,2,5120,山本稔太,25,愛知,56,B1,4.63,26.67,5.00,47.06,33,31.75,25,30.36,352 166      2
江戸川,9,3,4179,広次修,43,山口,52,A2,5.23,27.78,5.48,43.48,47,23.21,24,32.81,445 653      5
江戸川,9,4,5087,佐藤航,26,埼玉,53,A1,6.34,51.38,5.82,35.29,15,27.87,59,26.56,3 2S2 45
江戸川,9,5,4407,鹿島敏弘,40,群馬,59,B1,4.66,24.51,5.35,33.33,45,30.65,29,44.07,634 364      1
江戸川,9,6,4173,岡谷健吾,43,広島,57,B1,5.39,33.67,0.00,0.00,51,27.69,70,25.40,666 551      4
江戸川,10,1,4189,川上剛,45,福岡,55,A1,5.63,32.43,5.88,37.50,28,38.60,11,17.24,1 1435S      4
江戸川,10,2,3857,阿波勝哉,53,東京,56,B1,4.80,27.38,4.43,28.57,30,52.46,61,43.10,544 261      1
江戸川,10,3,3956,横澤剛治,49,静岡,57,A2,5.88,38.83,6.67,38.89,63,30.16,53,49.21,4 434 62
江戸川,10,4,5071,野見山拓,32,福岡,53,B1,4.33,20.29,5.25,30.56,32,39.34,10,44.26,561 334      3
江戸川,10,5,4258,関根彰人,42,埼玉,52,B1,4.85,32.94,5.60,38.75,29,19.67,38,26.32,556 145      5
江戸川,10,6,5315,浅井翼,25,埼玉,51,B2,2.65,13.04,2.62,11.11,60,27.59,58,19.70,346 5643
江戸川,11,1,4418,茅原悠紀,39,岡山,54,A1,7.49,50.91,7.63,56.25,48,22.41,15,24.14,262 121      6
江戸川,11,2,4471,新田泰章,39,広島,53,A1,6.36,47.24,6.82,51.52,49,36.07,67,33.33,522 111      3
江戸川,11,3,4438,森作雄大,40,東京,53,B1,5.26,38.74,5.28,35.05,67,22.95,57,25.42,3 411 14     5
江戸川,11,4,4661,中島昂章,34,佐賀,52,A2,5.54,36.07,6.80,40.00,50,15.52,22,26.15,122 154      7
江戸川,11,5,4427,秦英悟,40,大阪,53,A1,7.27,59.29,7.33,60.00,40,16.13,21,30.16,342 422      2
江戸川,11,6,3944,山口裕二,47,長崎,54,A1,6.03,40.00,5.89,44.44,58,22.03,19,36.07,215 5212     4
江戸川,12,1,3256,三角哲男,59,東京,52,A1,6.56,50.91,6.60,50.88,56,45.16,68,23.33,351 2121     4
江戸川,12,2,4604,岩瀬裕亮,38,愛知,53,A1,7.37,53.33,7.35,42.50,13,40.98,60,35.94,1 114 32     7
江戸川,12,3,4598,加藤政彦,42,東京,53,B1,6.09,47.66,6.45,48.92,71,43.55,39,45.90,1 512 21     6
江戸川,12,4,4000,松本博昭,49,広島,56,A2,5.99,40.77,5.38,33.33,38,28.57,49,40.35,221 432      8
江戸川,12,5,4452,松尾祭,38,香川,53,A2,5.17,33.94,6.43,46.94,69,40.68,62,30.00,3 323 22     5
江戸川,12,6,4888,金児隆太,38,群馬,52,B1,6.01,44.87,5.31,31.25,17,31.75,71,35.94,1 242 16     3
桐生,1,1,3475,橋本久和,56,群馬,54,B1,5.22,35.44,5.91,41.53,31,35.59,34,34.43,5 513 45
桐生,1,2,3305,小野信樹,58,岡山,53,B1,3.57,15.19,3.94,25.00,11,33.33,71,41.36,4 465 56
桐生,1,3,4380,鈴木峻佑,42,静岡,53,B1,5.00,30.93,3.72,27.78,68,21.55,51,35.39,4 366 16
桐生,1,4,3319,山崎義明,59,埼玉,53,A2,5.73,38.60,5.21,35.90,24,36.68,57,41.04,541 464      8
桐生,1,5,5107,松本真広,27,福岡,50,B1,3.93,8.47,4.00,5.56,25,27.54,44,40.91,1 163S4      7
桐生,1,6,5430,鳥本智史,22,三重,51,B2,1.39,0.00,1.33,0.00,44,27.65,66,34.46,6 656 65
桐生,2,1,4181,花本夏樹,43,三重,54,B1,3.44,6.82,4.38,14.71,50,34.72,61,39.08,6 232 23     9
桐生,2,2,3681,山谷央,53,東京,52,B1,4.82,28.79,4.68,15.79,37,32.28,69,34.66,1 144535     9
桐生,2,3,4040,廣瀬将亨,47,兵庫,58,A2,5.83,39.45,5.57,40.82,21,32.43,19,34.97,12154 34    10
桐生,2,4,4025,山本隆幸,48,兵庫,52,A1,6.44,46.34,6.92,53.06,41,32.22,27,43.10,6 222242    11
桐生,2,5,5048,眞鳥康太,32,長崎,55,B1,4.54,28.57,2.27,0.00,74,38.54,55,30.64,444 145     12
桐生,2,6,4557,松尾光広,36,岡山,55,B1,3.83,16.28,4.31,26.92,64,33.33,52,41.81,4 553 25
桐生,3,1,3277,齋藤勇,60,東京,52,B1,4.56,22.22,4.32,12.00,52,26.32,31,38.07,322 1666    11
桐生,3,2,5122,相馬翔,25,埼玉,56,B1,3.68,15.79,5.04,25.93,57,29.05,42,34.76,564 212      7
桐生,3,3,4232,笠雅雄,43,福岡,56,B1,5.91,39.13,3.38,17.65,42,25.30,68,32.61,261 2125    10
桐生,3,4,3874,山本寛久,50,岡山,52,A2,7.11,50.96,6.30,40.00,62,41.58,35,36.41,114 124      9
桐生,3,5,4538,笠置博之,36,大阪,55,A1,5.23,39.58,5.97,51.43,26,31.52,46,28.65,64462 3     12
桐生,3,6,4019,笠原亮,46,静岡,53,A1,6.98,54.29,7.95,67.50,12,38.13,33,34.25,3 114211     9
桐生,4,1,4531,武富智亮,37,佐賀,55,A2,6.31,42.98,0.00,0.00,22,25.20,37,33.33,32255 22    10
桐生,4,2,4440,萩原知哉,40,東京,54,B1,4.60,28.57,4.30,18.87,49,34.36,36,33.69,521 356     12
桐生,4,3,4118,宇佐見淳,45,愛知,53,A2,5.87,39.29,6.38,51.72,27,50.31,47,31.18,1 322533    11
桐生,4,4,4044,湯川浩司,46,大阪,53,A1,6.17,32.93,6.77,45.71,29,27.40,60,38.10,424 3116     9
桐生,4,5,4195,前川守嗣,44,福岡,59,B1,5.19,32.88,5.33,33.33,43,26.17,45,44.38,256 551      8
桐生,4,6,4342,谷野錬志,41,静岡,54,A2,6.39,37.50,7.00,57.89,67,36.09,29,32.42,11213 1     11
桐生,5,1,3743,林美憲,51,徳島,52,A1,5.41,40.00,7.05,42.11,70,33.16,40,30.68,242 4314    10
桐生,5,2,5070,中島航,32,東京,54,B1,4.21,20.83,4.32,22.73,73,50.00,64,28.40,3 S61 32    12
桐生,5,3,4027,松江秀徳,48,佐賀,55,A2,5.40,33.82,5.85,45.00,75,27.91,48,39.34,6 231 31     9
桐生,5,4,4513,河野真也,37,福岡,54,A2,6.00,42.99,5.96,46.15,36,27.11,20,30.72,332 421     11
桐生,5,5,5012,加倉侑征,29,福岡,53,B1,4.52,23.29,4.48,24.24,60,44.05,15,41.04,3 333653
桐生,5,6,3946,赤岩善生,50,愛知,56,A1,7.19,54.47,6.97,62.07,51,32.52,74,34.86,211 3211    10
桐生,6,1,4028,田村隆信,48,徳島,59,A1,5.54,34.74,0.00,0.00,13,29.07,17,36.42,25421 23    10
桐生,6,2,3867,松浦勝,51,愛知,58,B1,2.85,8.00,2.30,10.00,40,32.83,41,35.43,5 464 66
桐生,6,3,3202,三品隆浩,61,東京,53,B1,4.76,30.95,2.96,8.00,48,33.16,18,30.00,6 335 65
桐生,6,4,4562,阪本勇介,38,岡山,56,B1,4.77,27.93,3.82,10.71,34,37.13,12,30.34,646 662
桐生,6,5,4943,八木治樹,35,愛知,55,B1,4.48,23.29,5.31,24.14,17,33.98,39,32.80,336 564
桐生,6,6,3653,品川賢次,52,群馬,57,B2,4.20,13.85,4.38,18.18,71,32.73,38,36.00,435 454
桐生,7,1,5228,若林樹蘭,23,東京,53,A2,5.72,35.56,5.67,33.33,65,37.43,70,30.43,23151 24    11
桐生,7,2,4992,廣瀬篤哉,28,滋賀,59,B1,4.80,31.58,2.56,0.00,53,35.91,73,38.07,264 544
桐生,7,3,3686,鳥居塚孝,51,群馬,51,A2,6.21,37.80,6.34,39.60,47,29.63,59,37.63,542 243     12
桐生,7,4,5107,松本真広,27,福岡,50,B1,3.93,8.47,4.00,5.56,25,27.54,44,40.91,1 163S4      1
桐生,7,5,5122,相馬翔,25,埼玉,56,B1,3.68,15.79,5.04,25.93,57,29.05,42,34.76,564 212      3
桐生,7,6,5181,森智哉,28,岡山,53,B1,4.78,30.43,4.80,10.00,63,23.66,24,34.12,555 534
桐生,8,1,4033,伊藤将吉,47,静岡,54,A2,5.82,42.57,6.41,54.90,38,37.42,30,33.16,1 553 16    12
桐生,8,2,4195,前川守嗣,44,福岡,59,B1,5.19,32.88,5.33,33.33,43,26.17,45,44.38,256 551      4
桐生,8,3,3852,澤大介,54,三重,51,B1,4.79,25.00,4.65,30.00,69,34.52,62,32.58,154 S35
桐生,8,4,4919,吉田翔悟,35,長崎,53,B1,3.94,16.33,0.00,0.00,72,30.86,50,33.33,6 541 55
桐生,8,5,3319,山崎義明,59,埼玉,53,A2,5.73,38.60,5.21,35.90,24,36.68,57,41.04,541 464      1
桐生,8,6,5344,谷口丞,23,滋賀,53,B1,5.46,32.93,0.00,0.00,32,43.48,21,31.89,6 331 3F
桐生,9,1,4019,笠原亮,46,静岡,53,A1,6.98,54.29,7.95,67.50,12,38.13,33,34.25,3 114211     3
桐生,9,2,3874,山本寛久,50,岡山,52,A2,7.11,50.96,6.30,40.00,62,41.58,35,36.41,114 124      3
桐生,9,3,4044,湯川浩司,46,大阪,53,A1,6.17,32.93,6.77,45.71,29,27.40,60,38.10,424 3116     4
桐生,9,4,4027,松江秀徳,48,佐賀,55,A2,5.40,33.82,5.85,45.00,75,27.91,48,39.34,6 231 31     5
桐生,9,5,3681,山谷央,53,東京,52,B1,4.82,28.79,4.68,15.79,37,32.28,69,34.66,1 144535     2
桐生,9,6,4181,花本夏樹,43,三重,54,B1,3.44,6.82,4.38,14.71,50,34.72,61,39.08,6 232 23     2
桐生,10,1,3946,赤岩善生,50,愛知,56,A1,7.19,54.47,6.97,62.07,51,32.52,74,34.86,211 3211     5
桐生,10,2,4232,笠雅雄,43,福岡,56,B1,5.91,39.13,3.38,17.65,42,25.30,68,32.61,261 2125     3
桐生,10,3,4028,田村隆信,48,徳島,59,A1,5.54,34.74,0.00,0.00,13,29.07,17,36.42,25421 23     6
桐生,10,4,4040,廣瀬将亨,47,兵庫,58,A2,5.83,39.45,5.57,40.82,21,32.43,19,34.97,12154 34     2
桐生,10,5,3743,林美憲,51,徳島,52,A1,5.41,40.00,7.05,42.11,70,33.16,40,30.68,242 4314     5
桐生,10,6,4531,武富智亮,37,佐賀,55,A2,6.31,42.98,0.00,0.00,22,25.20,37,33.33,32255 22     4
桐生,11,1,4342,谷野錬志,41,静岡,54,A2,6.39,37.50,7.00,57.89,67,36.09,29,32.42,11213 1      4
桐生,11,2,5228,若林樹蘭,23,東京,53,A2,5.72,35.56,5.67,33.33,65,37.43,70,30.43,23151 24     7
桐生,11,3,4513,河野真也,37,福岡,54,A2,6.00,42.99,5.96,46.15,36,27.11,20,30.72,332 421      5
桐生,11,4,4118,宇佐見淳,45,愛知,53,A2,5.87,39.29,6.38,51.72,27,50.31,47,31.18,1 322533     4
桐生,11,5,4025,山本隆幸,48,兵庫,52,A1,6.44,46.34,6.92,53.06,41,32.22,27,43.10,6 222242     2
桐生,11,6,3277,齋藤勇,60,東京,52,B1,4.56,22.22,4.32,12.00,52,26.32,31,38.07,322 1666     3
桐生,12,1,4538,笠置博之,36,大阪,55,A1,5.23,39.58,5.97,51.43,26,31.52,46,28.65,64462 3      3
桐生,12,2,5048,眞鳥康太,32,長崎,55,B1,4.54,28.57,2.27,0.00,74,38.54,55,30.64,444 145      2
桐生,12,3,4440,萩原知哉,40,東京,54,B1,4.60,28.57,4.30,18.87,49,34.36,36,33.69,521 356      4
桐生,12,4,4033,伊藤将吉,47,静岡,54,A2,5.82,42.57,6.41,54.90,38,37.42,30,33.16,1 553 16     8
桐生,12,5,5070,中島航,32,東京,54,B1,4.21,20.83,4.32,22.73,73,50.00,64,28.40,3 S61 32     5
桐生,12,6,3686,鳥居塚孝,51,群馬,51,A2,6.21,37.80,6.34,39.60,47,29.63,59,37.63,542 243      7
